2.51467	1.13193	45.013
3.89344	2.39876	61.6104
5.14934	3.60545	70.0177
6.40438	4.88628	76.296
7.78507	6.40404	82.2606
9.04674	7.90562	87.3864
10.3058	9.52868	92.4593
11.6919	11.4756	98.1499
12.9519	13.4032	103.485
14.3379	15.7121	109.584
15.5973	17.9929	115.359
16.8561	20.4501	121.322
18.2419	23.3601	128.057
19.4996	26.1883	134.302
20.7566	29.1978	140.668
22.012	32.3881	147.138
23.3927	36.1153	154.387
24.647	39.7058	161.098
26.0256	43.8677	168.556
27.2766	47.8474	175.416
28.53	52.0157	182.319
29.9107	56.8302	190
31.1617	61.4173	197.092
32.4091	66.196	204.251
33.7693	71.6739	212.246
35.0036	76.8648	219.591
36.2385	82.2685	227.02
37.5928	88.4087	235.174
38.8214	94.1862	242.614
40.047	100.156	250.096
41.3901	106.951	258.397
42.6087	113.339	266
43.8228	119.906	273.616
45.159	127.368	282.043
46.361	134.357	289.805
47.5677	141.536	297.547
48.9044	149.663	306.032
50.1131	157.248	313.786
51.4403	165.827	322.367
52.6417	173.827	330.208
53.8386	182.023	338.09
55.1511	191.278	346.826
56.3406	199.875	354.761
57.5198	208.676	362.79
58.814	218.589	371.662
59.99	227.81	379.747
61.1602	237.23	387.884
62.4422	247.812	396.866
63.6072	257.636	405.042
64.7694	267.663	413.255
66.0341	278.913	422.378
67.186	289.346	430.664
68.3371	299.975	438.963
69.6056	311.893	448.087
70.7547	322.936	456.417
71.9121	334.194	464.726
73.1773	346.76	473.862
74.3146	358.414	482.293
75.5518	371.452	491.652
76.6652	383.52	500.254
77.774	395.787	508.893
78.9798	409.482	518.464
80.0591	422.144	527.291
81.2306	436.293	537.104
82.2737	449.361	546.178
83.3017	462.642	555.381
84.3074	476.101	564.72
85.3926	491.137	575.152
86.3629	505	584.742
87.3172	519.06	594.453
88.3581	534.782	605.244
89.2927	549.221	615.08
90.3151	565.373	626.001
91.236	580.262	636.001
92.2423	596.866	647.063
93.1376	612.176	657.281
94.0264	627.659	667.535
94.8938	643.345	677.963
95.8338	660.829	689.557
96.6747	676.939	700.224
97.4969	693.249	711.047
98.3784	711.403	723.129
99.1645	728.121	734.256
100.003	746.771	746.749
100.741	763.897	758.275
101.453	781.204	770.017
102.215	800.477	783.128
102.893	818.225	795.221
103.551	836.166	807.495
104.249	856.169	821.27
104.865	874.467	833.9
105.461	893.015	846.773
106.102	913.635	861.093
106.668	932.588	874.291
107.214	951.762	887.719
107.795	973.018	902.657
108.307	992.594	916.464
108.804	1012.33	930.414
109.331	1034.29	946.022
109.79	1054.49	960.465
110.239	1074.82	974.992
110.715	1097.44	991.224
111.128	1118.21	1006.24
111.564	1141.3	1022.99
111.942	1162.5	1038.48
112.307	1183.87	1054.14
112.688	1207.63	1071.66
113.015	1229.43	1087.85
113.332	1251.43	1104.21
113.667	1275.84	1122.44
113.952	1298.27	1139.31
114.225	1320.87	1156.38
114.513	1345.99	1175.41
114.763	1369.02	1192.91
115.022	1394.52	1212.4
115.248	1417.95	1230.35
115.459	1441.59	1248.57
115.675	1467.8	1268.9
115.859	1491.91	1287.7
116.035	1516.1	1306.58
116.219	1542.99	1327.65
116.375	1567.64	1347.06
116.518	1592.52	1366.76
116.665	1620.05	1388.64
116.789	1645.31	1408.79
116.904	1670.78	1429.19
117.026	1698.98	1451.8
117.124	1724.87	1472.68
117.23	1753.57	1495.84
117.319	1779.84	1517.09
117.412	1806.32	1538.45
117.512	1835.68	1562.12
117.605	1862.58	1583.75
117.696	1889.68	1605.56
117.784	1919.71	1629.86
117.866	1947.22	1652.06
117.959	1977.71	1676.61
118.045	2005.66	1699.06
118.131	2033.75	1721.61
118.219	2062.06	1744.26
118.315	2093.5	1769.42
118.4	2122.16	1792.36
118.491	2154.02	1817.88
118.57	2183.12	1841.21
118.647	2212.46	1864.75
118.724	2244.94	1890.9
118.788	2274.7	1914.93
118.845	2304.68	1939.23
118.903	2337.82	1966.16
118.952	2368.17	1990.87
119.003	2398.75	2015.7
119.062	2432.57	2043.11
119.113	2463.58	2068.27
119.161	2494.71	2093.56
119.211	2529.22	2121.63
119.254	2560.79	2147.34
119.295	2592.58	2173.25
119.335	2627.77	2202.02
119.368	2659.93	2228.35
119.396	2695.59	2257.7
119.41	2728.19	2284.72
119.427	2760.98	2311.86
119.444	2797.3	2341.93
119.462	2830.49	2369.36
119.474	2863.88	2397.07
119.485	2900.85	2427.79
119.49	2934.72	2456.04
119.493	2968.67	2484.39
119.494	3006.31	2515.87
119.499	3040.74	2544.58
119.501	3075.35	2573.49
119.5	3113.69	2605.61
119.501	3148.69	2634.87
119.498	3187.44	2667.35
119.497	3222.89	2697.05
119.495	3258.53	2726.92
119.493	3297.99	2759.98
119.495	3334	2790.06
119.5	3370.24	2820.29
119.501	3410.35	2853.81
119.502	3447	2884.47
119.503	3483.94	2915.35
119.505	3524.63	2949.37
119.506	3561.91	2980.53
119.507	3603.15	3015.01
119.507	3640.82	3046.53
119.508	3678.8	3078.29
119.51	3720.6	3113.22
119.512	3758.9	3145.2
119.513	3797.37	3177.37
119.514	3839.95	3212.96
119.515	3878.87	3245.52
119.515	3917.95	3278.2
119.515	3961.18	3314.36
119.516	4000.71	3347.43
119.516	4040.49	3380.7
119.519	4084.33	3417.31
119.521	4124.42	3450.78
119.525	4168.77	3487.77
119.527	4209.29	3521.62
119.527	4250.09	3555.76
119.529	4295.04	3593.32
119.53	4336.19	3627.7
119.531	4377.51	3662.24
119.531	4423.2	3700.46
119.531	4465.02	3735.43
119.532	4506.88	3770.42
119.533	4553.25	3809.2
119.532	4595.6	3844.66
119.53	4638.14	3880.31
119.529	4685.18	3919.72
119.528	4728.17	3955.71
119.528	4775.62	3995.4
119.527	4819.01	4031.75
119.524	4862.57	4068.27
119.523	4910.77	4108.65
119.522	4954.71	4145.42
119.523	4998.88	4182.37
119.525	5047.71	4223.12
119.527	5092.29	4260.37
119.528	5137.11	4297.81
119.531	5186.64	4339.16
119.531	5231.76	4376.9
119.532	5277.23	4414.92
119.531	5327.39	4456.89
119.532	5373.13	4495.15
119.537	5423.72	4537.29
119.538	5469.95	4575.91
119.539	5516.36	4614.71
119.546	5567.78	4657.45
119.558	5614.4	4695.96
2.51467	1.13193	45.013
3.89344	2.39876	61.6104
5.14934	3.60545	70.0176
6.40438	4.88628	76.2959
7.78507	6.40404	82.2606
9.04674	7.90562	87.3864
10.3058	9.52867	92.4592
11.6919	11.4756	98.1498
12.9519	13.4032	103.485
14.3379	15.712	109.584
15.5973	17.9929	115.359
16.8561	20.4501	121.322
18.2419	23.3601	128.057
19.4996	26.1884	134.302
20.7566	29.1979	140.668
22.012	32.3882	147.139
23.3927	36.1154	154.387
24.647	39.7059	161.098
26.0256	43.8678	168.556
27.2766	47.8475	175.416
28.53	52.0158	182.319
29.9107	56.8301	189.999
31.1617	61.4171	197.091
32.4091	66.1956	204.25
33.7693	71.6734	212.244
35.0036	76.864	219.589
36.2385	82.2676	227.017
37.5928	88.4075	235.171
38.8214	94.1846	242.61
40.047	100.154	250.091
41.3901	106.948	258.392
42.6087	113.336	265.994
43.8228	119.903	273.608
45.159	127.364	282.034
46.361	134.352	289.796
47.5677	141.531	297.537
48.9044	149.658	306.021
50.1131	157.242	313.774
51.4403	165.82	322.354
52.6417	173.82	330.194
53.8386	182.015	338.075
55.1511	191.269	346.81
56.3406	199.865	354.744
57.5198	208.666	362.772
58.814	218.578	371.643
59.99	227.799	379.728
61.1602	237.218	387.863
62.4422	247.799	396.845
63.6072	257.622	405.02
64.7694	267.648	413.232
66.0341	278.898	422.354
67.186	289.329	430.639
68.3371	299.958	438.938
69.6056	311.875	448.061
70.7547	322.918	456.39
71.9121	334.174	464.699
73.1773	346.739	473.834
74.3146	358.392	482.264
75.5518	371.429	491.621
76.6652	383.496	500.222
77.774	395.761	508.86
78.9798	409.454	518.429
80.0591	422.115	527.254
81.2306	436.261	537.065
82.2737	449.327	546.137
83.3017	462.606	555.337
84.3074	476.062	564.674
85.3926	491.095	575.103
86.3629	504.955	584.69
87.3172	519.012	594.398
88.3581	534.73	605.186
89.2927	549.166	615.018
90.3151	565.314	625.936
91.236	580.2	635.932
92.2423	596.8	646.992
93.1376	612.106	657.206
94.0264	627.586	667.457
94.8938	643.267	677.881
95.8338	660.747	689.472
96.6747	676.853	700.135
97.4969	693.158	710.954
98.3784	711.307	723.032
99.1645	728.021	734.155
100.003	746.666	746.644
100.741	763.788	758.166
101.453	781.089	769.904
102.215	800.356	783.01
102.893	818.099	795.099
103.551	836.034	807.369
104.249	856.032	821.139
104.865	874.324	833.764
105.461	892.866	846.632
106.102	913.48	860.947
106.668	932.427	874.14
107.214	951.595	887.563
107.795	972.844	902.495
108.307	992.414	916.298
108.804	1012.14	930.242
109.331	1034.1	945.844
109.79	1054.29	960.283
110.239	1074.61	974.804
110.715	1097.22	991.031
111.128	1117.99	1006.04
111.564	1141.07	1022.79
111.942	1162.26	1038.27
112.307	1183.63	1053.92
112.688	1207.38	1071.44
113.015	1229.18	1087.62
113.332	1251.17	1103.98
113.667	1275.58	1122.2
113.952	1297.99	1139.07
114.225	1320.59	1156.13
114.513	1345.7	1175.16
114.763	1368.72	1192.65
115.022	1394.22	1212.14
115.248	1417.64	1230.08
115.459	1441.27	1248.3
115.675	1467.48	1268.62
115.859	1491.58	1287.41
116.035	1515.76	1306.29
116.219	1542.65	1327.36
116.375	1567.29	1346.76
116.518	1592.16	1366.45
116.665	1619.69	1388.33
116.789	1644.94	1408.47
116.904	1670.41	1428.87
117.026	1698.6	1451.47
117.124	1724.48	1472.35
117.23	1753.18	1495.5
117.319	1779.44	1516.75
117.412	1805.92	1538.11
117.512	1835.27	1561.77
117.605	1862.16	1583.4
117.696	1889.26	1605.2
117.784	1919.29	1629.5
117.866	1946.79	1651.69
117.959	1977.28	1676.24
118.045	2005.22	1698.68
118.131	2033.31	1721.23
118.219	2061.61	1743.88
118.315	2093.04	1769.04
118.4	2121.7	1791.98
118.491	2153.56	1817.49
118.57	2182.65	1840.81
118.647	2211.99	1864.35
118.724	2244.47	1890.5
118.788	2274.22	1914.52
118.845	2304.2	1938.83
118.903	2337.33	1965.75
118.952	2367.68	1990.46
119.003	2398.25	2015.28
119.062	2432.07	2042.69
119.113	2463.08	2067.85
119.161	2494.2	2093.14
119.211	2528.71	2121.2
119.254	2560.27	2146.91
119.295	2592.06	2172.82
119.335	2627.25	2201.59
119.368	2659.41	2227.91
119.396	2695.06	2257.26
119.41	2727.66	2284.27
119.427	2760.45	2311.42
119.444	2796.77	2341.48
119.462	2829.95	2368.91
119.474	2863.34	2396.61
119.485	2900.3	2427.33
119.49	2934.17	2455.58
119.493	2968.12	2483.93
119.494	3005.75	2515.41
119.499	3040.18	2544.11
119.501	3074.79	2573.02
119.5	3113.13	2605.13
119.501	3148.12	2634.4
119.498	3186.87	2666.87
119.497	3222.32	2696.57
119.495	3257.95	2726.44
119.493	3297.41	2759.5
119.495	3333.42	2789.58
119.5	3369.66	2819.8
119.501	3409.76	2853.32
119.502	3446.41	2883.98
119.503	3483.35	2914.86
119.505	3524.04	2948.87
119.506	3561.31	2980.04
119.507	3602.55	3014.51
119.507	3640.22	3046.03
119.508	3678.2	3077.79
119.51	3719.99	3112.71
119.512	3758.29	3144.7
119.513	3796.77	3176.86
119.514	3839.34	3212.45
119.515	3878.26	3245.01
119.515	3917.33	3277.69
119.515	3960.56	3313.85
119.516	4000.1	3346.91
119.516	4039.87	3380.19
119.519	4083.71	3416.79
119.521	4123.8	3450.26
119.525	4168.14	3487.24
119.527	4208.66	3521.1
119.527	4249.46	3555.23
119.529	4294.42	3592.79
119.53	4335.55	3627.17
119.531	4376.88	3661.71
119.531	4422.56	3699.93
119.531	4464.38	3734.9
119.532	4506.24	3769.89
119.533	4552.61	3808.67
119.532	4594.96	3844.12
119.53	4637.5	3879.77
119.529	4684.54	3919.18
119.528	4727.53	3955.17
119.528	4774.97	3994.86
119.527	4818.36	4031.21
119.524	4861.92	4067.73
119.523	4910.12	4108.11
119.522	4954.05	4144.87
119.523	4998.23	4181.82
119.525	5047.05	4222.58
119.527	5091.64	4259.82
119.528	5136.46	4297.27
119.531	5185.98	4338.61
119.531	5231.1	4376.35
119.532	5276.57	4414.37
119.531	5326.73	4456.34
119.532	5372.47	4494.6
119.537	5423.06	4536.74
119.538	5469.29	4575.36
119.539	5515.7	4614.15
119.546	5567.12	4656.9
119.558	5613.73	4695.41
2.51467	1.13193	45.013
3.89344	2.39876	61.6104
5.14934	3.60545	70.0177
6.40438	4.88628	76.296
7.78507	6.3678	81.7951
9.04674	7.81587	86.3944
10.3058	9.39118	91.1251
11.6919	11.2914	96.575
12.9519	12.9446	99.9439
14.3379	15.1801	105.874
15.5973	17.4023	111.572
16.8561	19.8078	117.511
18.2419	23.5635	129.172
19.4996	26.3539	135.151
20.7566	29.3291	141.3
22.012	32.488	147.592
23.3927	36.9006	157.744
24.647	40.4552	164.139
26.0256	44.5807	171.295
27.2766	48.5297	177.917
28.53	53.0767	186.038
29.9107	57.8447	193.391
31.1617	62.3924	200.221
32.4091	67.1341	207.146
33.7693	72.9426	216.002
35.0036	78.0791	223.06
36.2385	83.432	230.23
37.5928	89.5204	238.132
38.8214	95.8413	246.877
40.047	101.771	254.129
41.3901	108.524	262.198
42.6087	114.876	269.608
43.8228	121.731	277.78
45.159	129.156	286.004
46.361	136.114	293.597
47.5677	143.265	301.181
48.9044	151.874	310.553
50.1131	159.431	318.143
51.4403	167.981	326.556
52.6417	175.956	334.253
53.8386	184.289	342.298
55.1511	193.514	350.881
56.3406	202.086	358.685
57.5198	210.862	366.591
58.814	220.649	375.165
59.99	229.846	383.14
61.1602	239.242	391.173
62.4422	249.799	400.048
63.6072	259.822	408.479
64.7694	269.826	416.595
66.0341	281.053	425.618
67.186	291.464	433.817
68.3371	302.367	442.463
69.6056	314.264	451.493
70.7547	325.289	459.742
71.9121	336.529	467.973
73.1773	348.55	476.309
74.3146	360.188	484.679
75.5518	373.207	493.975
76.6652	385.26	502.522
77.774	397.939	511.661
78.9798	411.619	521.169
80.0591	424.267	529.943
81.2306	438.401	539.699
82.2737	450.811	547.941
83.3017	464.076	557.103
84.3074	477.52	566.404
85.3926	492.54	576.795
86.3629	505.389	585.192
87.3172	519.432	594.879
88.3581	535.136	605.645
89.2927	549.559	615.458
90.3151	565.71	626.374
91.236	580.584	636.354
92.2423	597.172	647.396
93.1376	612.468	657.595
94.0264	628.216	668.127
94.8938	643.886	678.533
95.8338	661.354	690.105
96.6747	677.449	700.751
97.4969	693.166	710.962
98.3784	711.303	723.028
99.1645	728.008	734.141
100.003	746.642	746.62
100.741	763.7	758.08
101.453	780.993	769.808
102.215	800.249	782.906
102.893	817.984	794.987
103.551	835.7	807.046
104.249	855.689	820.809
104.865	873.972	833.429
105.461	892.508	846.292
106.102	912.086	859.633
106.668	931.026	872.826
107.214	950.187	886.249
107.795	971.429	901.182
108.307	990.512	914.542
108.804	1010.24	928.489
109.331	1032.19	944.095
109.79	1052.38	958.536
110.239	1072.36	972.767
110.715	1094.97	988.997
111.128	1115.74	1004.01
111.564	1138.81	1020.76
111.942	1159.98	1036.23
112.307	1181.34	1051.89
112.688	1205.09	1069.4
113.015	1226.88	1085.59
113.332	1249.21	1102.25
113.667	1273.61	1120.47
113.952	1296.02	1137.35
114.225	1318.62	1154.41
114.513	1343.92	1173.6
114.763	1366.94	1191.1
115.022	1392.43	1210.58
115.248	1415.85	1228.53
115.459	1440.42	1247.55
115.675	1466.62	1267.87
115.859	1490.71	1286.66
116.035	1514.89	1305.54
116.219	1542.47	1327.2
116.375	1567.1	1346.6
116.518	1591.98	1366.29
116.665	1619.5	1388.16
116.789	1645.2	1408.7
116.904	1670.67	1429.1
117.026	1698.86	1451.69
117.124	1724.74	1472.57
117.23	1753.91	1496.13
117.319	1780.17	1517.37
117.412	1806.64	1538.72
117.512	1835.99	1562.38
117.605	1861.64	1582.96
117.696	1888.74	1604.76
117.784	1918.76	1629.05
117.866	1946.25	1651.24
117.959	1977.22	1676.19
118.045	2005.16	1698.63
118.131	2033.24	1721.17
118.219	2061.53	1743.82
118.315	2093.03	1769.03
118.4	2121.69	1791.97
118.491	2153.54	1817.47
118.57	2182.63	1840.79
118.647	2211.25	1863.73
118.724	2243.72	1889.87
118.788	2273.47	1913.9
118.845	2303.44	1938.19
118.903	2336.39	1964.95
118.952	2366.73	1989.66
119.003	2397.29	2014.48
119.062	2431.11	2041.88
119.113	2461.9	2066.86
119.161	2493.02	2092.14
119.211	2527.52	2120.2
119.254	2559.08	2145.9
119.295	2590.75	2171.72
119.335	2625.94	2200.48
119.368	2658.09	2226.8
119.396	2693.74	2256.14
119.41	2727.38	2284.05
119.427	2760.17	2311.19
119.444	2796.48	2341.24
119.462	2829.66	2368.67
119.474	2862.95	2396.29
119.485	2899.91	2427
119.49	2933.77	2455.25
119.493	2967.72	2483.59
119.494	3005.02	2514.79
119.499	3039.44	2543.49
119.501	3074.04	2572.39
119.5	3112.37	2604.5
119.501	3148.46	2634.68
119.498	3187.19	2667.14
119.497	3222.64	2696.84
119.495	3258.27	2726.7
119.493	3296.74	2758.94
119.495	3332.75	2789.01
119.5	3368.98	2819.23
119.501	3409.08	2852.75
119.502	3445.51	2883.22
119.503	3482.43	2914.1
119.505	3523.12	2948.1
119.506	3560.38	2979.26
119.507	3601.82	3013.9
119.507	3639.48	3045.41
119.508	3677.46	3077.16
119.51	3719.24	3112.08
119.512	3757.71	3144.21
119.513	3796.17	3176.36
119.514	3838.74	3211.95
119.515	3877.66	3244.5
119.515	3915.73	3276.35
119.515	3958.95	3312.5
119.516	3998.48	3345.56
119.516	4038.25	3378.83
119.519	4082.11	3415.46
119.521	4122.19	3448.91
119.525	4166.53	3485.9
119.527	4207.05	3519.75
119.527	4247.29	3553.42
119.529	4292.24	3590.97
119.53	4333.37	3625.35
119.531	4374.69	3659.88
119.531	4420.4	3698.11
119.531	4462.21	3733.09
119.532	4504.06	3768.07
119.533	4550.42	3806.84
119.532	4592.82	3842.33
119.53	4635.35	3877.97
119.529	4682.38	3917.37
119.528	4725.36	3953.36
119.528	4772.84	3993.08
119.527	4816.23	4029.42
119.524	4859.77	4065.93
119.523	4907.97	4106.31
119.522	4952.7	4143.74
119.523	4996.87	4180.68
119.525	5045.68	4221.43
119.527	5090.26	4258.67
119.528	5134.85	4295.92
119.531	5184.36	4337.26
119.531	5229.48	4374.99
119.532	5274.94	4413
119.531	5324.73	4454.67
119.532	5370.48	4492.93
119.537	5421.05	4535.06
119.538	5467.28	4573.68
119.539	5513.72	4612.49
119.546	5565.13	4655.23
119.558	5611.74	4693.74
2.51467	1.13193	45.013
3.89344	2.39876	61.6104
5.14934	3.60545	70.0177
6.40438	4.88628	76.296
7.78507	6.40404	82.2606
9.04674	7.90562	87.3864
10.3058	9.52868	92.4593
11.6919	11.4756	98.1499
12.9519	13.4032	103.485
14.3379	15.7121	109.584
15.5973	17.9929	115.359
16.8561	20.4501	121.322
18.2419	23.3601	128.057
19.4996	26.1883	134.302
20.7566	29.1978	140.668
22.012	32.3881	147.138
23.3927	36.1153	154.387
24.647	39.7058	161.098
26.0256	43.8677	168.556
27.2766	47.8474	175.416
28.53	52.0157	182.319
29.9107	56.8302	190
31.1617	61.4173	197.092
32.4091	66.196	204.251
33.7693	71.6739	212.246
35.0036	76.8648	219.591
36.2385	82.2685	227.02
37.5928	88.4087	235.174
38.8214	94.1862	242.614
40.047	100.156	250.096
41.3901	106.951	258.397
42.6087	113.339	266
43.8228	119.906	273.616
45.159	127.368	282.043
46.361	134.357	289.805
47.5677	141.536	297.547
48.9044	149.663	306.032
50.1131	157.248	313.786
51.4403	165.827	322.367
52.6417	173.827	330.208
53.8386	182.023	338.09
55.1511	191.278	346.826
56.3406	199.875	354.761
57.5198	208.676	362.79
58.814	218.589	371.662
59.99	227.81	379.747
61.1602	237.23	387.884
62.4422	247.812	396.866
63.6072	257.636	405.042
64.7694	267.663	413.255
66.0341	278.913	422.378
67.186	289.346	430.664
68.3371	299.975	438.963
69.6056	311.893	448.087
70.7547	322.936	456.417
71.9121	334.194	464.726
73.1773	346.76	473.862
74.3146	358.414	482.293
75.5518	371.452	491.652
76.6652	383.52	500.254
77.774	395.787	508.893
78.9798	409.482	518.464
80.0591	422.144	527.291
81.2306	436.293	537.104
82.2737	449.361	546.178
83.3017	462.642	555.381
84.3074	476.101	564.72
85.3926	491.137	575.152
86.3629	505	584.742
87.3172	519.06	594.453
88.3581	534.782	605.244
89.2927	549.221	615.08
90.3151	565.373	626.001
91.236	580.262	636.001
92.2423	596.866	647.063
93.1376	612.176	657.281
94.0264	627.659	667.535
94.8938	643.345	677.963
95.8338	660.829	689.557
96.6747	676.939	700.224
97.4969	693.249	711.047
98.3784	711.403	723.129
99.1645	728.121	734.256
100.003	746.771	746.749
100.741	763.897	758.275
101.453	781.204	770.017
102.215	800.477	783.128
102.893	818.225	795.221
103.551	836.166	807.495
104.249	856.169	821.27
104.865	874.467	833.9
105.461	893.015	846.773
106.102	913.635	861.093
106.668	932.588	874.291
107.214	951.762	887.719
107.795	973.018	902.657
108.307	992.594	916.464
108.804	1012.33	930.414
109.331	1034.29	946.022
109.79	1054.49	960.465
110.239	1074.82	974.992
110.715	1097.44	991.224
111.128	1118.21	1006.24
111.564	1141.3	1022.99
111.942	1162.5	1038.48
112.307	1183.87	1054.14
112.688	1207.63	1071.66
113.015	1229.43	1087.85
113.332	1251.43	1104.21
113.667	1275.84	1122.44
113.952	1298.27	1139.31
114.225	1320.87	1156.38
114.513	1345.99	1175.41
114.763	1369.02	1192.91
115.022	1394.52	1212.4
115.248	1417.95	1230.35
115.459	1441.59	1248.57
115.675	1467.8	1268.9
115.859	1491.91	1287.7
116.035	1516.1	1306.58
116.219	1542.99	1327.65
116.375	1567.64	1347.06
116.518	1592.52	1366.76
116.665	1620.05	1388.64
116.789	1645.31	1408.79
116.904	1670.78	1429.19
117.026	1698.98	1451.8
117.124	1724.87	1472.68
117.23	1753.57	1495.84
117.319	1779.84	1517.09
117.412	1806.32	1538.45
117.512	1835.68	1562.12
117.605	1862.58	1583.75
117.696	1889.68	1605.56
117.784	1919.71	1629.86
117.866	1947.22	1652.06
117.959	1977.71	1676.61
118.045	2005.66	1699.06
118.131	2033.75	1721.61
118.219	2062.06	1744.26
118.315	2093.5	1769.42
118.4	2122.16	1792.36
118.491	2154.02	1817.88
118.57	2183.12	1841.21
118.647	2212.46	1864.75
118.724	2244.94	1890.9
118.788	2274.7	1914.93
118.845	2304.68	1939.23
118.903	2337.82	1966.16
118.952	2368.17	1990.87
119.003	2398.75	2015.7
119.062	2432.57	2043.11
119.113	2463.58	2068.27
119.161	2494.71	2093.56
119.211	2529.22	2121.63
119.254	2560.79	2147.34
119.295	2592.58	2173.25
119.335	2627.77	2202.02
119.368	2659.93	2228.35
119.396	2695.59	2257.7
119.41	2728.19	2284.72
119.427	2760.98	2311.86
119.444	2797.3	2341.93
119.462	2830.49	2369.36
119.474	2863.88	2397.07
119.485	2900.85	2427.79
119.49	2934.72	2456.04
119.493	2968.67	2484.39
119.494	3006.31	2515.87
119.499	3040.74	2544.58
119.501	3075.35	2573.49
119.5	3113.69	2605.61
119.501	3148.69	2634.87
119.498	3187.44	2667.35
119.497	3222.89	2697.05
119.495	3258.53	2726.92
119.493	3297.99	2759.98
119.495	3334	2790.06
119.5	3370.24	2820.29
119.501	3410.35	2853.81
119.502	3447	2884.47
119.503	3483.94	2915.35
119.505	3524.63	2949.37
119.506	3561.91	2980.53
119.507	3603.15	3015.01
119.507	3640.82	3046.53
119.508	3678.8	3078.29
119.51	3720.6	3113.22
119.512	3758.9	3145.2
119.513	3797.37	3177.37
119.514	3839.95	3212.96
119.515	3878.87	3245.52
119.515	3917.95	3278.2
119.515	3961.18	3314.36
119.516	4000.71	3347.43
119.516	4040.49	3380.7
119.519	4084.33	3417.31
119.521	4124.42	3450.78
119.525	4168.77	3487.77
119.527	4209.29	3521.62
119.527	4250.09	3555.76
119.529	4295.04	3593.32
119.53	4336.19	3627.7
119.531	4377.51	3662.24
119.531	4423.2	3700.46
119.531	4465.02	3735.43
119.532	4506.88	3770.42
119.533	4553.25	3809.2
119.532	4595.6	3844.66
119.53	4638.14	3880.31
119.529	4685.18	3919.72
119.528	4728.17	3955.71
119.528	4775.62	3995.4
119.527	4819.01	4031.75
119.524	4862.57	4068.27
119.523	4910.77	4108.65
119.522	4954.71	4145.42
119.523	4998.88	4182.37
119.525	5047.71	4223.12
119.527	5092.29	4260.37
119.528	5137.11	4297.81
119.531	5186.64	4339.16
119.531	5231.76	4376.9
119.532	5277.23	4414.92
119.531	5327.39	4456.89
119.532	5373.13	4495.15
119.537	5423.72	4537.29
119.538	5469.95	4575.91
119.539	5516.36	4614.71
119.546	5567.78	4657.45
119.558	5614.4	4695.96
2.51467	1.13193	45.013
3.89344	2.39876	61.6104
5.14934	3.60545	70.0177
6.40438	4.88628	76.296
7.78507	6.3678	81.7951
9.04674	7.81587	86.3944
10.3058	9.39118	91.1251
11.6919	11.2914	96.575
12.9519	12.9446	99.9439
14.3379	15.1801	105.874
15.5973	17.4023	111.572
16.8561	19.8078	117.511
18.2419	23.5635	129.172
19.4996	26.3539	135.151
20.7566	29.3291	141.3
22.012	32.488	147.592
23.3927	36.9006	157.744
24.647	40.4552	164.139
26.0256	44.5807	171.295
27.2766	48.5297	177.917
28.53	53.0767	186.038
29.9107	57.8447	193.391
31.1617	62.3924	200.221
32.4091	67.1341	207.146
33.7693	72.9426	216.002
35.0036	78.0791	223.06
36.2385	83.432	230.23
37.5928	89.5204	238.132
38.8214	95.8413	246.877
40.047	101.771	254.129
41.3901	108.524	262.198
42.6087	114.876	269.608
43.8228	121.731	277.78
45.159	129.156	286.004
46.361	136.114	293.597
47.5677	143.265	301.181
48.9044	151.874	310.553
50.1131	159.431	318.143
51.4403	167.981	326.556
52.6417	175.956	334.253
53.8386	184.289	342.298
55.1511	193.514	350.881
56.3406	202.086	358.685
57.5198	210.862	366.591
58.814	220.649	375.165
59.99	229.846	383.14
61.1602	239.242	391.173
62.4422	249.799	400.048
63.6072	259.822	408.479
64.7694	269.826	416.595
66.0341	281.053	425.618
67.186	291.464	433.817
68.3371	302.367	442.463
69.6056	314.264	451.493
70.7547	325.289	459.742
71.9121	336.529	467.973
73.1773	348.55	476.309
74.3146	360.188	484.679
75.5518	373.207	493.975
76.6652	385.26	502.522
77.774	397.939	511.661
78.9798	411.619	521.169
80.0591	424.267	529.943
81.2306	438.401	539.699
82.2737	450.811	547.941
83.3017	464.076	557.103
84.3074	477.52	566.404
85.3926	492.54	576.795
86.3629	505.389	585.192
87.3172	519.432	594.879
88.3581	535.136	605.645
89.2927	549.559	615.458
90.3151	565.71	626.374
91.236	580.584	636.354
92.2423	597.172	647.396
93.1376	612.468	657.595
94.0264	628.216	668.127
94.8938	643.886	678.533
95.8338	661.354	690.105
96.6747	677.449	700.751
97.4969	693.166	710.962
98.3784	711.303	723.028
99.1645	728.008	734.141
100.003	746.642	746.62
100.741	763.7	758.08
101.453	780.993	769.808
102.215	800.249	782.906
102.893	817.984	794.987
103.551	835.7	807.046
104.249	855.689	820.809
104.865	873.972	833.429
105.461	892.508	846.292
106.102	912.086	859.633
106.668	931.026	872.826
107.214	950.187	886.249
107.795	971.429	901.182
108.307	990.512	914.542
108.804	1010.24	928.489
109.331	1032.19	944.095
109.79	1052.38	958.536
110.239	1072.36	972.767
110.715	1094.97	988.997
111.128	1115.74	1004.01
111.564	1138.81	1020.76
111.942	1159.98	1036.23
112.307	1181.34	1051.89
112.688	1205.09	1069.4
113.015	1226.88	1085.59
113.332	1249.21	1102.25
113.667	1273.61	1120.47
113.952	1296.02	1137.35
114.225	1318.62	1154.41
114.513	1343.92	1173.6
114.763	1366.94	1191.1
115.022	1392.43	1210.58
115.248	1415.85	1228.53
115.459	1440.42	1247.55
115.675	1466.62	1267.87
115.859	1490.71	1286.66
116.035	1514.89	1305.54
116.219	1542.47	1327.2
116.375	1567.1	1346.6
116.518	1591.98	1366.29
116.665	1619.5	1388.16
116.789	1645.2	1408.7
116.904	1670.67	1429.1
117.026	1698.86	1451.69
117.124	1724.74	1472.57
117.23	1753.91	1496.13
117.319	1780.17	1517.37
117.412	1806.64	1538.72
117.512	1835.99	1562.38
117.605	1861.64	1582.96
117.696	1888.74	1604.76
117.784	1918.76	1629.05
117.866	1946.25	1651.24
117.959	1977.22	1676.19
118.045	2005.16	1698.63
118.131	2033.24	1721.17
118.219	2061.53	1743.82
118.315	2093.03	1769.03
118.4	2121.69	1791.97
118.491	2153.54	1817.47
118.57	2182.63	1840.79
118.647	2211.25	1863.73
118.724	2243.72	1889.87
118.788	2273.47	1913.9
118.845	2303.44	1938.19
118.903	2336.39	1964.95
118.952	2366.73	1989.66
119.003	2397.29	2014.48
119.062	2431.11	2041.88
119.113	2461.9	2066.86
119.161	2493.02	2092.14
119.211	2527.52	2120.2
119.254	2559.08	2145.9
119.295	2590.75	2171.72
119.335	2625.94	2200.48
119.368	2658.09	2226.8
119.396	2693.74	2256.14
119.41	2727.38	2284.05
119.427	2760.17	2311.19
119.444	2796.48	2341.24
119.462	2829.66	2368.67
119.474	2862.95	2396.29
119.485	2899.91	2427
119.49	2933.77	2455.25
119.493	2967.72	2483.59
119.494	3005.02	2514.79
119.499	3039.44	2543.49
119.501	3074.04	2572.39
119.5	3112.37	2604.5
119.501	3148.46	2634.68
119.498	3187.19	2667.14
119.497	3222.64	2696.84
119.495	3258.27	2726.7
119.493	3296.74	2758.94
119.495	3332.75	2789.01
119.5	3368.98	2819.23
119.501	3409.08	2852.75
119.502	3445.51	2883.22
119.503	3482.43	2914.1
119.505	3523.12	2948.1
119.506	3560.38	2979.26
119.507	3601.82	3013.9
119.507	3639.48	3045.41
119.508	3677.46	3077.16
119.51	3719.24	3112.08
119.512	3757.71	3144.21
119.513	3796.17	3176.36
119.514	3838.74	3211.95
119.515	3877.66	3244.5
119.515	3915.73	3276.35
119.515	3958.95	3312.5
119.516	3998.48	3345.56
119.516	4038.25	3378.83
119.519	4082.11	3415.46
119.521	4122.19	3448.91
119.525	4166.53	3485.9
119.527	4207.05	3519.75
119.527	4247.29	3553.42
119.529	4292.24	3590.97
119.53	4333.37	3625.35
119.531	4374.69	3659.88
119.531	4420.4	3698.11
119.531	4462.21	3733.09
119.532	4504.06	3768.07
119.533	4550.42	3806.84
119.532	4592.82	3842.33
119.53	4635.35	3877.97
119.529	4682.38	3917.37
119.528	4725.36	3953.36
119.528	4772.84	3993.08
119.527	4816.23	4029.42
119.524	4859.77	4065.93
119.523	4907.97	4106.31
119.522	4952.7	4143.74
119.523	4996.87	4180.68
119.525	5045.68	4221.43
119.527	5090.26	4258.67
119.528	5134.85	4295.92
119.531	5184.36	4337.26
119.531	5229.48	4374.99
119.532	5274.94	4413
119.531	5324.73	4454.67
119.532	5370.48	4492.93
119.537	5421.05	4535.06
119.538	5467.28	4573.68
119.539	5513.72	4612.49
119.546	5565.13	4655.23
119.558	5611.74	4693.74
2.51467	1.13193	45.013
3.89344	2.39876	61.6104
5.14934	3.60545	70.0177
6.40438	4.88628	76.296
7.78507	6.3678	81.7951
9.04674	7.81587	86.3944
10.3058	9.39118	91.1251
11.6919	11.2914	96.575
12.9519	12.9446	99.9439
14.3379	15.1801	105.874
15.5973	17.4023	111.572
16.8561	19.8078	117.511
18.2419	23.5635	129.172
19.4996	26.3539	135.151
20.7566	29.3291	141.3
22.012	32.488	147.592
23.3927	36.9006	157.744
24.647	40.4552	164.139
26.0256	44.5807	171.295
27.2766	48.5297	177.917
28.53	53.0767	186.038
29.9107	57.8447	193.391
31.1617	62.3924	200.221
32.4091	67.1341	207.146
33.7693	72.9426	216.002
35.0036	78.0791	223.06
36.2385	83.432	230.23
37.5928	89.5204	238.132
38.8214	95.8413	246.877
40.047	101.771	254.129
41.3901	108.524	262.198
42.6087	114.876	269.608
43.8228	121.731	277.78
45.159	129.156	286.004
46.361	136.114	293.597
47.5677	143.265	301.181
48.9044	151.874	310.553
50.1131	159.431	318.143
51.4403	167.981	326.556
52.6417	175.956	334.253
53.8386	184.289	342.298
55.1511	193.514	350.881
56.3406	202.086	358.685
57.5198	210.862	366.591
58.814	220.649	375.165
59.99	229.846	383.14
61.1602	239.242	391.173
62.4422	249.799	400.048
63.6072	259.822	408.479
64.7694	269.826	416.595
66.0341	281.053	425.618
67.186	291.464	433.817
68.3371	302.367	442.463
69.6056	314.264	451.493
70.7547	325.289	459.742
71.9121	336.529	467.973
73.1773	348.55	476.309
74.3146	360.188	484.679
75.5518	373.207	493.975
76.6652	385.26	502.522
77.774	397.939	511.661
78.9798	411.619	521.169
80.0591	424.267	529.943
81.2306	438.401	539.699
82.2737	450.811	547.941
83.3017	464.076	557.103
84.3074	477.52	566.404
85.3926	492.54	576.795
86.3629	505.389	585.192
87.3172	519.432	594.879
88.3581	535.136	605.645
89.2927	549.559	615.458
90.3151	565.71	626.374
91.236	580.584	636.354
92.2423	597.172	647.396
93.1376	612.468	657.595
94.0264	628.216	668.127
94.8938	643.886	678.533
95.8338	661.354	690.105
96.6747	677.449	700.751
97.4969	693.166	710.962
98.3784	711.303	723.028
99.1645	728.008	734.141
100.003	746.642	746.62
100.741	763.7	758.08
101.453	780.993	769.808
102.215	800.249	782.906
102.893	817.984	794.987
103.551	835.7	807.046
104.249	855.689	820.809
104.865	873.972	833.429
105.461	892.508	846.292
106.102	912.086	859.633
106.668	931.026	872.826
107.214	950.187	886.249
107.795	971.429	901.182
108.307	990.512	914.542
108.804	1010.24	928.489
109.331	1032.19	944.095
109.79	1052.38	958.536
110.239	1072.36	972.767
110.715	1094.97	988.997
111.128	1115.74	1004.01
111.564	1138.81	1020.76
111.942	1159.98	1036.23
112.307	1181.34	1051.89
112.688	1205.09	1069.4
113.015	1226.88	1085.59
113.332	1249.21	1102.25
113.667	1273.61	1120.47
113.952	1296.02	1137.35
114.225	1318.62	1154.41
114.513	1343.92	1173.6
114.763	1366.94	1191.1
115.022	1392.43	1210.58
115.248	1415.85	1228.53
115.459	1440.42	1247.55
115.675	1466.62	1267.87
115.859	1490.71	1286.66
116.035	1514.89	1305.54
116.219	1542.47	1327.2
116.375	1567.1	1346.6
116.518	1591.98	1366.29
116.665	1619.5	1388.16
116.789	1645.2	1408.7
116.904	1670.67	1429.1
117.026	1698.86	1451.69
117.124	1724.74	1472.57
117.23	1753.91	1496.13
117.319	1780.17	1517.37
117.412	1806.64	1538.72
117.512	1835.99	1562.38
117.605	1861.64	1582.96
117.696	1888.74	1604.76
117.784	1918.76	1629.05
117.866	1946.25	1651.24
117.959	1977.22	1676.19
118.045	2005.16	1698.63
118.131	2033.24	1721.17
118.219	2061.53	1743.82
118.315	2093.03	1769.03
118.4	2121.69	1791.97
118.491	2153.54	1817.47
118.57	2182.63	1840.79
118.647	2211.25	1863.73
118.724	2243.72	1889.87
118.788	2273.47	1913.9
118.845	2303.44	1938.19
118.903	2336.39	1964.95
118.952	2366.73	1989.66
119.003	2397.29	2014.48
119.062	2431.11	2041.88
119.113	2461.9	2066.86
119.161	2493.02	2092.14
119.211	2527.52	2120.2
119.254	2559.08	2145.9
119.295	2590.75	2171.72
119.335	2625.94	2200.48
119.368	2658.09	2226.8
119.396	2693.74	2256.14
119.41	2727.38	2284.05
119.427	2760.17	2311.19
119.444	2796.48	2341.24
119.462	2829.66	2368.67
119.474	2862.95	2396.29
119.485	2899.91	2427
119.49	2933.77	2455.25
119.493	2967.72	2483.59
119.494	3005.02	2514.79
119.499	3039.44	2543.49
119.501	3074.04	2572.39
119.5	3112.37	2604.5
119.501	3148.46	2634.68
119.498	3187.19	2667.14
119.497	3222.64	2696.84
119.495	3258.27	2726.7
119.493	3296.74	2758.94
119.495	3332.75	2789.01
119.5	3368.98	2819.23
119.501	3409.08	2852.75
119.502	3445.51	2883.22
119.503	3482.43	2914.1
119.505	3523.12	2948.1
119.506	3560.38	2979.26
119.507	3601.82	3013.9
119.507	3639.48	3045.41
119.508	3677.46	3077.16
119.51	3719.24	3112.08
119.512	3757.71	3144.21
119.513	3796.17	3176.36
119.514	3838.74	3211.95
119.515	3877.66	3244.5
119.515	3915.73	3276.35
119.515	3958.95	3312.5
119.516	3998.48	3345.56
119.516	4038.25	3378.83
119.519	4082.11	3415.46
119.521	4122.19	3448.91
119.525	4166.53	3485.9
119.527	4207.05	3519.75
119.527	4247.29	3553.42
119.529	4292.24	3590.97
119.53	4333.37	3625.35
119.531	4374.69	3659.88
119.531	4420.4	3698.11
119.531	4462.21	3733.09
119.532	4504.06	3768.07
119.533	4550.42	3806.84
119.532	4592.82	3842.33
119.53	4635.35	3877.97
119.529	4682.38	3917.37
119.528	4725.36	3953.36
119.528	4772.84	3993.08
119.527	4816.23	4029.42
119.524	4859.77	4065.93
119.523	4907.97	4106.31
119.522	4952.7	4143.74
119.523	4996.87	4180.68
119.525	5045.68	4221.43
119.527	5090.26	4258.67
119.528	5134.85	4295.92
119.531	5184.36	4337.26
119.531	5229.48	4374.99
119.532	5274.94	4413
119.531	5324.73	4454.67
119.532	5370.48	4492.93
119.537	5421.05	4535.06
119.538	5467.28	4573.68
119.539	5513.72	4612.49
119.546	5565.13	4655.23
119.558	5611.74	4693.74
2.51467	1.13193	45.013
3.89344	2.39876	61.6104
5.14934	3.60545	70.0177
6.40438	4.88628	76.296
7.78507	6.40404	82.2606
9.04674	7.90562	87.3864
10.3058	9.52868	92.4593
11.6919	11.4756	98.1499
12.9519	13.4032	103.485
14.3379	15.7121	109.584
15.5973	17.9929	115.359
16.8561	20.4501	121.322
18.2419	23.3601	128.057
19.4996	26.1883	134.302
20.7566	29.1978	140.668
22.012	32.3881	147.138
23.3927	36.1153	154.387
24.647	39.7058	161.098
26.0256	43.8677	168.556
27.2766	47.8474	175.416
28.53	52.0157	182.319
29.9107	56.8302	190
31.1617	61.4173	197.092
32.4091	66.196	204.251
33.7693	71.6739	212.246
35.0036	76.8648	219.591
36.2385	82.2685	227.02
37.5928	88.4087	235.174
38.8214	94.1862	242.614
40.047	100.156	250.096
41.3901	106.951	258.397
42.6087	113.339	266
43.8228	119.906	273.616
45.159	127.368	282.043
46.361	134.357	289.805
47.5677	141.536	297.547
48.9044	149.663	306.032
50.1131	157.248	313.786
51.4403	165.827	322.367
52.6417	173.827	330.208
53.8386	182.023	338.09
55.1511	191.278	346.826
56.3406	199.875	354.761
57.5198	208.676	362.79
58.814	218.589	371.662
59.99	227.81	379.747
61.1602	237.23	387.884
62.4422	247.812	396.866
63.6072	257.636	405.042
64.7694	267.663	413.255
66.0341	278.913	422.378
67.186	289.346	430.664
68.3371	299.975	438.963
69.6056	311.893	448.087
70.7547	322.936	456.417
71.9121	334.194	464.726
73.1773	346.76	473.862
74.3146	358.414	482.293
75.5518	371.452	491.652
76.6652	383.52	500.254
77.774	395.787	508.893
78.9798	409.482	518.464
80.0591	422.144	527.291
81.2306	436.293	537.104
82.2737	449.361	546.178
83.3017	462.642	555.381
84.3074	476.101	564.72
85.3926	491.137	575.152
86.3629	505	584.742
87.3172	519.06	594.453
88.3581	534.782	605.244
89.2927	549.221	615.08
90.3151	565.373	626.001
91.236	580.262	636.001
92.2423	596.866	647.063
93.1376	612.176	657.281
94.0264	627.659	667.535
94.8938	643.345	677.963
95.8338	660.829	689.557
96.6747	676.939	700.224
97.4969	693.249	711.047
98.3784	711.403	723.129
99.1645	728.121	734.256
100.003	746.771	746.749
100.741	763.897	758.275
101.453	781.204	770.017
102.215	800.477	783.128
102.893	818.225	795.221
103.551	836.166	807.495
104.249	856.169	821.27
104.865	874.467	833.9
105.461	893.015	846.773
106.102	913.635	861.093
106.668	932.588	874.291
107.214	951.762	887.719
107.795	973.018	902.657
108.307	992.594	916.464
108.804	1012.33	930.414
109.331	1034.29	946.022
109.79	1054.49	960.465
110.239	1074.82	974.992
110.715	1097.44	991.224
111.128	1118.21	1006.24
111.564	1141.3	1022.99
111.942	1162.5	1038.48
112.307	1183.87	1054.14
112.688	1207.63	1071.66
113.015	1229.43	1087.85
113.332	1251.43	1104.21
113.667	1275.84	1122.44
113.952	1298.27	1139.31
114.225	1320.87	1156.38
114.513	1345.99	1175.41
114.763	1369.02	1192.91
115.022	1394.52	1212.4
115.248	1417.95	1230.35
115.459	1441.59	1248.57
115.675	1467.8	1268.9
115.859	1491.91	1287.7
116.035	1516.1	1306.58
116.219	1542.99	1327.65
116.375	1567.64	1347.06
116.518	1592.52	1366.76
116.665	1620.05	1388.64
116.789	1645.31	1408.79
116.904	1670.78	1429.19
117.026	1698.98	1451.8
117.124	1724.87	1472.68
117.23	1753.57	1495.84
117.319	1779.84	1517.09
117.412	1806.32	1538.45
117.512	1835.68	1562.12
117.605	1862.58	1583.75
117.696	1889.68	1605.56
117.784	1919.71	1629.86
117.866	1947.22	1652.06
117.959	1977.71	1676.61
118.045	2005.66	1699.06
118.131	2033.75	1721.61
118.219	2062.06	1744.26
118.315	2093.5	1769.42
118.4	2122.16	1792.36
118.491	2154.02	1817.88
118.57	2183.12	1841.21
118.647	2212.46	1864.75
118.724	2244.94	1890.9
118.788	2274.7	1914.93
118.845	2304.68	1939.23
118.903	2337.82	1966.16
118.952	2368.17	1990.87
119.003	2398.75	2015.7
119.062	2432.57	2043.11
119.113	2463.58	2068.27
119.161	2494.71	2093.56
119.211	2529.22	2121.63
119.254	2560.79	2147.34
119.295	2592.58	2173.25
119.335	2627.77	2202.02
119.368	2659.93	2228.35
119.396	2695.59	2257.7
119.41	2728.19	2284.72
119.427	2760.98	2311.86
119.444	2797.3	2341.93
119.462	2830.49	2369.36
119.474	2863.88	2397.07
119.485	2900.85	2427.79
119.49	2934.72	2456.04
119.493	2968.67	2484.39
119.494	3006.31	2515.87
119.499	3040.74	2544.58
119.501	3075.35	2573.49
119.5	3113.69	2605.61
119.501	3148.69	2634.87
119.498	3187.44	2667.35
119.497	3222.89	2697.05
119.495	3258.53	2726.92
119.493	3297.99	2759.98
119.495	3334	2790.06
119.5	3370.24	2820.29
119.501	3410.35	2853.81
119.502	3447	2884.47
119.503	3483.94	2915.35
119.505	3524.63	2949.37
119.506	3561.91	2980.53
119.507	3603.15	3015.01
119.507	3640.82	3046.53
119.508	3678.8	3078.29
119.51	3720.6	3113.22
119.512	3758.9	3145.2
119.513	3797.37	3177.37
119.514	3839.95	3212.96
119.515	3878.87	3245.52
119.515	3917.95	3278.2
119.515	3961.18	3314.36
119.516	4000.71	3347.43
119.516	4040.49	3380.7
119.519	4084.33	3417.31
119.521	4124.42	3450.78
119.525	4168.77	3487.77
119.527	4209.29	3521.62
119.527	4250.09	3555.76
119.529	4295.04	3593.32
119.53	4336.19	3627.7
119.531	4377.51	3662.24
119.531	4423.2	3700.46
119.531	4465.02	3735.43
119.532	4506.88	3770.42
119.533	4553.25	3809.2
119.532	4595.6	3844.66
119.53	4638.14	3880.31
119.529	4685.18	3919.72
119.528	4728.17	3955.71
119.528	4775.62	3995.4
119.527	4819.01	4031.75
119.524	4862.57	4068.27
119.523	4910.77	4108.65
119.522	4954.71	4145.42
119.523	4998.88	4182.37
119.525	5047.71	4223.12
119.527	5092.29	4260.37
119.528	5137.11	4297.81
119.531	5186.64	4339.16
119.531	5231.76	4376.9
119.532	5277.23	4414.92
119.531	5327.39	4456.89
119.532	5373.13	4495.15
119.537	5423.72	4537.29
119.538	5469.95	4575.91
119.539	5516.36	4614.71
119.546	5567.78	4657.45
119.558	5614.4	4695.96
2.51467	0.100736	4.00595
3.89344	0.44357	11.3928
5.14934	0.967468	18.7882
6.40438	1.68873	26.3683
7.78507	2.16228	27.7747
9.04674	2.45474	27.134
10.3058	3.56869	34.6279
11.6919	5.09348	43.5642
12.9519	6.70146	51.7413
14.3379	8.19756	57.1739
15.5973	9.58884	61.4775
16.8561	10.9833	65.1593
18.2419	13.2339	72.5464
19.4996	15.0921	77.3971
20.7566	16.9998	81.9009
22.012	18.9672	86.1674
23.3927	22.0938	94.4477
24.647	24.0548	97.5972
26.0256	26.2653	100.921
27.2766	28.3271	103.851
28.53	31.3907	110.027
29.9107	33.7102	112.703
31.1617	35.8794	115.139
32.4091	38.0968	117.55
33.7693	41.9538	124.236
35.0036	44.3528	126.709
36.2385	46.813	129.18
37.5928	49.5638	131.844
38.8214	52.4678	135.152
40.047	53.9682	134.762
41.3901	55.6738	134.51
42.6087	57.2819	134.437
43.8228	59.2517	135.207
45.159	60.8227	134.686
46.361	62.2964	134.373
47.5677	63.8316	134.191
48.9044	66.1383	135.24
50.1131	67.7448	135.184
51.4403	69.5781	135.26
52.6417	71.3026	135.449
53.8386	73.7447	136.974
55.1511	75.6911	137.243
56.3406	77.5197	137.591
57.5198	79.3979	138.036
58.814	81.8539	139.174
59.99	83.244	138.763
61.1602	84.6914	138.475
62.4422	86.3444	138.279
63.6072	88.3604	138.916
64.7694	89.9051	138.808
66.0341	91.6545	138.799
67.186	93.3009	138.87
68.3371	95.2595	139.396
69.6056	96.7397	138.983
70.7547	98.1404	138.705
71.9121	99.6096	138.516
73.1773	101.344	138.491
74.3146	102.479	137.899
75.5518	103.789	137.375
76.6652	105.03	136.999
77.774	106.528	136.972
78.9798	107.913	136.634
80.0591	109.216	136.42
81.2306	110.708	136.289
82.2737	112.887	137.209
83.3017	114.67	137.656
84.3074	116.504	138.189
85.3926	118.576	138.86
86.3629	121.297	140.45
87.3172	123.031	140.901
88.3581	125.009	141.48
89.2927	126.856	142.068
90.3151	129.092	142.935
91.236	130.12	142.619
92.2423	131.298	142.34
93.1376	132.401	142.156
94.0264	134.668	143.224
94.8938	136.645	143.997
95.8338	138.862	144.898
96.6747	140.912	145.759
97.4969	143.416	147.098
98.3784	144.749	147.135
99.1645	146	147.23
100.003	147.407	147.403
100.741	149.462	148.362
101.453	150.915	148.754
102.215	152.546	149.239
102.893	154.062	149.73
103.551	155.982	150.634
104.249	157.097	150.694
104.865	158.137	150.801
105.461	159.204	150.96
106.102	160.796	151.549
106.668	161.716	151.607
107.214	162.666	151.72
107.795	163.743	151.902
108.307	164.554	151.933
108.804	164.853	151.513
109.331	165.206	151.106
109.79	165.546	150.784
110.239	166.863	151.366
110.715	168.387	152.09
111.128	169.794	152.791
111.564	171.364	153.601
111.942	172.605	154.191
112.307	172.762	153.83
112.688	172.961	153.486
113.015	173.162	153.22
113.332	174.003	153.534
113.667	175.02	153.976
113.952	175.965	154.421
114.225	176.939	154.904
114.513	178.715	156.066
114.763	179.581	156.48
115.022	180.563	156.982
115.248	181.489	157.477
115.459	183.959	159.328
115.675	185.854	160.668
115.859	187.614	161.933
116.035	189.408	163.233
116.219	192.345	165.502
116.375	193.34	166.136
116.518	194.373	166.818
116.665	195.553	167.619
116.789	197.8	169.365
116.904	199.057	170.275
117.026	200.492	171.322
117.124	201.838	172.328
117.23	204.4	174.358
117.319	205.437	175.11
117.412	206.526	175.9
117.512	207.781	176.817
117.605	209.657	178.272
117.696	210.456	178.814
117.784	211.394	179.476
117.866	212.299	180.119
117.959	214.377	181.739
118.045	215.412	182.482
118.131	216.489	183.261
118.219	217.614	184.076
118.315	219.866	185.831
118.4	220.835	186.516
118.491	221.955	187.319
118.57	223.017	188.089
118.647	224.614	189.313
118.724	225.258	189.733
118.788	225.89	190.163
118.845	226.562	190.637
118.903	228.219	191.937
118.952	229.084	192.585
119.003	229.993	193.266
119.062	231.044	194.053
119.113	232.717	195.376
119.161	233.457	195.917
119.211	234.321	196.56
119.254	235.15	197.184
119.295	236.368	198.137
119.335	236.812	198.444
119.368	237.262	198.765
119.396	237.798	199.168
119.41	239.468	200.543
119.427	240.653	201.507
119.444	242.011	202.614
119.462	243.3	203.663
119.474	245.336	205.346
119.485	246.141	206.001
119.49	246.919	206.645
119.493	247.742	207.328
119.494	249.749	209.006
119.499	250.728	209.816
119.501	251.751	210.668
119.5	252.93	211.658
119.501	255.023	213.407
119.498	256.121	214.33
119.497	257.175	215.215
119.495	258.283	216.146
119.493	260.582	218.073
119.495	261.533	218.864
119.5	262.539	219.698
119.501	263.703	220.669
119.502	265.487	222.161
119.503	266.186	222.744
119.505	267.008	223.429
119.506	267.805	224.094
119.507	269.843	225.797
119.507	270.872	226.658
119.508	271.952	227.56
119.51	273.188	228.591
119.512	275.195	230.265
119.513	276.049	230.978
119.514	277.046	231.81
119.515	278.002	232.609
119.515	279.802	234.115
119.515	280.717	234.879
119.516	281.601	235.618
119.516	282.535	236.399
119.519	284.138	237.735
119.521	284.64	238.15
119.525	285.244	238.647
119.527	285.842	239.144
119.527	287.326	240.386
119.529	288.276	241.178
119.53	289.191	241.941
119.531	290.151	242.741
119.531	291.739	244.07
119.531	292.202	244.456
119.532	292.708	244.877
119.533	293.317	245.386
119.532	294.852	246.672
119.53	295.81	247.477
119.529	296.916	248.405
119.528	297.97	249.29
119.528	299.894	250.899
119.527	300.566	251.464
119.524	301.282	252.068
119.523	302.126	252.777
119.522	304.047	254.385
119.523	305.181	255.333
119.525	306.487	256.42
119.527	307.725	257.452
119.528	309.37	258.825
119.531	309.791	259.172
119.531	310.223	259.533
119.532	310.706	259.936
119.531	311.524	260.621
119.532	311.759	260.817
119.537	312.08	261.075
119.538	312.418	261.355
119.539	313.479	262.24
119.546	314.262	262.881
119.558	315.001	263.471
2.51467	0.100736	4.00595
3.89344	0.44357	11.3928
5.14934	0.967468	18.7882
6.40438	1.68873	26.3683
7.78507	2.16228	27.7747
9.04674	2.45474	27.134
10.3058	3.56869	34.6279
11.6919	5.09348	43.5642
12.9519	6.70146	51.7413
14.3379	8.19756	57.1739
15.5973	9.58884	61.4775
16.8561	10.9833	65.1593
18.2419	13.2339	72.5464
19.4996	15.0921	77.3971
20.7566	16.9998	81.9009
22.012	18.9672	86.1674
23.3927	22.0938	94.4477
24.647	24.0548	97.5972
26.0256	26.2653	100.921
27.2766	28.3271	103.851
28.53	31.3907	110.027
29.9107	33.7102	112.703
31.1617	35.8794	115.139
32.4091	38.0968	117.55
33.7693	41.9538	124.236
35.0036	44.3528	126.709
36.2385	46.813	129.18
37.5928	49.5638	131.844
38.8214	52.4678	135.152
40.047	53.9682	134.762
41.3901	55.6738	134.51
42.6087	57.2819	134.437
43.8228	59.2517	135.207
45.159	60.8227	134.686
46.361	62.2964	134.373
47.5677	63.8316	134.191
48.9044	66.1383	135.24
50.1131	67.7448	135.184
51.4403	69.5781	135.26
52.6417	71.3026	135.449
53.8386	73.7447	136.974
55.1511	75.6911	137.243
56.3406	77.5197	137.591
57.5198	79.3979	138.036
58.814	81.8539	139.174
59.99	83.244	138.763
61.1602	84.6914	138.475
62.4422	86.3444	138.279
63.6072	88.3604	138.916
64.7694	89.9051	138.808
66.0341	91.6545	138.799
67.186	93.3009	138.87
68.3371	95.2595	139.396
69.6056	96.7397	138.983
70.7547	98.1404	138.705
71.9121	99.6096	138.516
73.1773	101.344	138.491
74.3146	102.479	137.899
75.5518	103.789	137.375
76.6652	105.03	136.999
77.774	106.528	136.972
78.9798	107.913	136.634
80.0591	109.216	136.42
81.2306	110.708	136.289
82.2737	112.887	137.209
83.3017	114.67	137.656
84.3074	116.504	138.189
85.3926	118.576	138.86
86.3629	121.297	140.45
87.3172	123.031	140.901
88.3581	125.009	141.48
89.2927	126.856	142.068
90.3151	129.092	142.935
91.236	130.12	142.619
92.2423	131.298	142.34
93.1376	132.401	142.156
94.0264	134.668	143.224
94.8938	136.645	143.997
95.8338	138.862	144.898
96.6747	140.912	145.759
97.4969	143.416	147.098
98.3784	144.749	147.135
99.1645	146	147.23
100.003	147.407	147.403
100.741	149.462	148.362
101.453	150.915	148.754
102.215	152.546	149.239
102.893	154.062	149.73
103.551	155.982	150.634
104.249	157.097	150.694
104.865	158.137	150.801
105.461	159.204	150.96
106.102	160.796	151.549
106.668	161.716	151.607
107.214	162.666	151.72
107.795	163.743	151.902
108.307	164.554	151.933
108.804	164.853	151.513
109.331	165.206	151.106
109.79	165.546	150.784
110.239	166.863	151.366
110.715	168.387	152.09
111.128	169.794	152.791
111.564	171.364	153.601
111.942	172.605	154.191
112.307	172.762	153.83
112.688	172.961	153.486
113.015	173.162	153.22
113.332	174.003	153.534
113.667	175.02	153.976
113.952	175.965	154.421
114.225	176.939	154.904
114.513	178.715	156.066
114.763	179.581	156.48
115.022	180.563	156.982
115.248	181.489	157.477
115.459	183.959	159.328
115.675	185.854	160.668
115.859	187.614	161.933
116.035	189.408	163.233
116.219	192.345	165.502
116.375	193.34	166.136
116.518	194.373	166.818
116.665	195.553	167.619
116.789	197.8	169.365
116.904	199.057	170.275
117.026	200.492	171.322
117.124	201.838	172.328
117.23	204.4	174.358
117.319	205.437	175.11
117.412	206.526	175.9
117.512	207.781	176.817
117.605	209.657	178.272
117.696	210.456	178.814
117.784	211.394	179.476
117.866	212.299	180.119
117.959	214.377	181.739
118.045	215.412	182.482
118.131	216.489	183.261
118.219	217.614	184.076
118.315	219.866	185.831
118.4	220.835	186.516
118.491	221.955	187.319
118.57	223.017	188.089
118.647	224.614	189.313
118.724	225.258	189.733
118.788	225.89	190.163
118.845	226.562	190.637
118.903	228.219	191.937
118.952	229.084	192.585
119.003	229.993	193.266
119.062	231.044	194.053
119.113	232.717	195.376
119.161	233.457	195.917
119.211	234.321	196.56
119.254	235.15	197.184
119.295	236.368	198.137
119.335	236.812	198.444
119.368	237.262	198.765
119.396	237.798	199.168
119.41	239.468	200.543
119.427	240.653	201.507
119.444	242.011	202.614
119.462	243.3	203.663
119.474	245.336	205.346
119.485	246.141	206.001
119.49	246.919	206.645
119.493	247.742	207.328
119.494	249.749	209.006
119.499	250.728	209.816
119.501	251.751	210.668
119.5	252.93	211.658
119.501	255.023	213.407
119.498	256.121	214.33
119.497	257.175	215.215
119.495	258.283	216.146
119.493	260.582	218.073
119.495	261.533	218.864
119.5	262.539	219.698
119.501	263.703	220.669
119.502	265.487	222.161
119.503	266.186	222.744
119.505	267.008	223.429
119.506	267.805	224.094
119.507	269.843	225.797
119.507	270.872	226.658
119.508	271.952	227.56
119.51	273.188	228.591
119.512	275.195	230.265
119.513	276.049	230.978
119.514	277.046	231.81
119.515	278.002	232.609
119.515	279.802	234.115
119.515	280.717	234.879
119.516	281.601	235.618
119.516	282.535	236.399
119.519	284.138	237.735
119.521	284.64	238.15
119.525	285.244	238.647
119.527	285.842	239.144
119.527	287.326	240.386
119.529	288.276	241.178
119.53	289.191	241.941
119.531	290.151	242.741
119.531	291.739	244.07
119.531	292.202	244.456
119.532	292.708	244.877
119.533	293.317	245.386
119.532	294.852	246.672
119.53	295.81	247.477
119.529	296.916	248.405
119.528	297.97	249.29
119.528	299.894	250.899
119.527	300.566	251.464
119.524	301.282	252.068
119.523	302.126	252.777
119.522	304.047	254.385
119.523	305.181	255.333
119.525	306.487	256.42
119.527	307.725	257.452
119.528	309.37	258.825
119.531	309.791	259.172
119.531	310.223	259.533
119.532	310.706	259.936
119.531	311.524	260.621
119.532	311.759	260.817
119.537	312.08	261.075
119.538	312.418	261.355
119.539	313.479	262.24
119.546	314.262	262.881
119.558	315.001	263.471
1.25804	0	0
2.51467	0.10032	3.98938
3.89344	0.440965	11.3259
5.14934	0.958114	18.6065
6.40438	1.66348	25.9741
7.78507	2.64084	33.9218
9.04674	3.70497	40.9536
10.3058	4.92185	47.758
11.6919	6.43225	55.0147
12.9519	7.94903	61.3736
14.3379	9.76248	68.0885
15.5973	11.5325	73.9388
16.8561	13.4011	79.5029
18.2419	15.5552	85.2717
19.4996	17.5822	90.1671
20.7566	19.6696	94.7633
22.012	21.8031	99.0507
23.3927	24.1922	103.418
24.647	26.3901	107.072
26.0256	28.8206	110.739
27.2766	31.0366	113.785
28.53	33.2506	116.546
29.9107	35.6789	119.285
31.1617	37.876	121.547
32.4091	40.0547	123.591
33.7693	42.4309	125.649
35.0036	44.5837	127.369
36.2385	46.7412	128.982
37.5928	49.1115	130.64
38.8214	51.2841	132.103
40.047	53.4819	133.548
41.3901	55.9448	135.165
42.6087	58.2403	136.686
43.8228	60.5961	138.275
45.159	63.2883	140.146
46.361	65.841	142.018
47.5677	68.5147	144.036
48.9044	71.6176	146.444
50.1131	74.5957	148.855
51.4403	78.0692	151.766
52.6417	81.4139	154.657
53.8386	84.9483	157.783
55.1511	89.0748	161.511
56.3406	93.034	165.128
57.5198	97.2065	168.997
58.814	102.045	173.504
59.99	106.668	177.81
61.1602	111.509	182.323
62.4422	117.07	187.485
63.6072	122.336	192.33
64.7694	127.803	197.32
66.0341	134.031	202.973
67.186	139.878	208.195
68.3371	145.896	213.495
69.6056	152.704	219.385
70.7547	159.051	224.793
71.9121	165.551	230.213
73.1773	172.827	236.175
74.3146	179.582	241.651
75.5518	187.137	247.693
76.6652	194.115	253.198
77.774	201.186	258.681
78.9798	209.047	264.684
80.0591	216.275	270.144
81.2306	224.297	276.124
82.2737	231.648	281.558
83.3017	239.053	286.973
84.3074	246.486	292.366
85.3926	254.7	298.269
86.3629	262.187	303.587
87.3172	269.693	308.866
88.3581	277.974	314.6
89.2927	285.476	319.708
90.3151	293.75	325.25
91.236	301.269	330.208
92.2423	309.537	335.57
93.1376	317.059	340.42
94.0264	324.567	345.187
94.8938	332.091	349.961
95.8338	340.384	355.181
96.6747	347.934	359.902
97.4969	355.504	364.632
98.3784	363.853	369.85
99.1645	371.484	374.614
100.003	379.943	379.932
100.741	387.675	384.822
101.453	395.465	389.801
102.215	404.123	395.365
102.893	412.095	400.509
103.551	420.164	405.758
104.249	429.184	411.69
104.865	437.467	417.173
105.461	445.906	422.816
106.102	455.339	429.153
106.668	464.07	435.061
107.214	472.971	441.145
107.795	482.923	448.002
108.307	492.169	454.421
108.804	501.573	460.987
109.331	512.141	468.433
109.79	521.957	475.415
110.239	531.928	482.524
110.715	543.14	490.573
111.128	553.544	498.112
111.564	565.217	506.629
111.942	576.048	514.595
112.307	587.07	522.736
112.688	599.435	531.943
113.015	610.885	540.533
113.332	622.533	549.298
113.667	635.566	559.147
113.952	647.633	568.34
114.225	659.884	577.706
114.513	673.588	588.222
114.763	686.229	597.953
115.022	700.316	608.856
115.248	713.322	618.947
115.459	726.509	629.234
115.675	741.19	640.75
115.859	754.742	651.432
116.035	768.375	662.191
116.219	783.569	674.216
116.375	797.518	685.303
116.518	811.616	696.557
116.665	827.221	709.058
116.789	841.532	720.56
116.904	855.958	732.192
117.026	871.905	745.052
117.124	886.517	756.903
117.23	902.673	770.002
117.319	917.414	781.982
117.412	932.22	793.976
117.512	948.566	807.207
117.605	963.473	819.243
117.696	978.425	831.316
117.784	994.912	844.692
117.866	1009.92	856.84
117.959	1026.47	870.19
118.045	1041.53	882.313
118.131	1056.58	894.414
118.219	1071.65	906.491
118.315	1088.27	919.807
118.4	1103.32	931.863
118.491	1119.94	945.174
118.57	1135.01	957.253
118.647	1150.11	969.358
118.724	1166.71	982.712
118.788	1181.82	994.898
118.845	1196.94	1007.14
118.903	1213.54	1020.62
118.952	1228.66	1032.9
119.003	1243.79	1045.17
119.062	1260.42	1058.63
119.113	1275.59	1070.91
119.161	1290.74	1083.19
119.211	1307.46	1096.76
119.254	1322.68	1109.12
119.295	1337.94	1121.54
119.335	1354.78	1135.28
119.368	1370.12	1147.81
119.396	1387.07	1161.75
119.41	1402.54	1174.56
119.427	1418.07	1187.4
119.444	1435.24	1201.59
119.462	1450.9	1214.53
119.474	1466.66	1227.6
119.485	1484.12	1242.09
119.49	1500.11	1255.43
119.493	1516.16	1268.82
119.494	1533.95	1283.71
119.499	1550.25	1297.29
119.501	1566.65	1310.99
119.5	1584.86	1326.24
119.501	1601.5	1340.16
119.498	1619.97	1355.64
119.497	1636.91	1369.84
119.495	1653.98	1384.14
119.493	1672.92	1400.01
119.495	1690.26	1414.5
119.5	1707.77	1429.09
119.501	1727.2	1445.34
119.502	1745.03	1460.25
119.503	1763.06	1475.32
119.505	1782.99	1491.99
119.506	1801.33	1507.32
119.507	1821.7	1524.34
119.507	1840.38	1539.97
119.508	1859.29	1555.79
119.51	1880.19	1573.25
119.512	1899.43	1589.32
119.513	1918.84	1605.54
119.514	1940.41	1623.58
119.515	1960.23	1640.16
119.515	1980.21	1656.87
119.515	2002.43	1675.45
119.516	2022.84	1692.52
119.516	2043.46	1709.78
119.519	2066.3	1728.85
119.521	2087.28	1746.36
119.525	2110.6	1765.82
119.527	2132	1783.7
119.527	2153.65	1801.82
119.529	2177.62	1821.84
119.53	2199.65	1840.25
119.531	2221.87	1858.83
119.531	2246.55	1879.47
119.531	2269.24	1898.44
119.532	2292.04	1917.5
119.533	2317.4	1938.71
119.532	2340.66	1958.18
119.53	2364.11	1977.84
119.529	2390.14	1999.64
119.528	2414.03	2019.64
119.528	2440.48	2041.77
119.527	2464.76	2062.1
119.524	2489.22	2082.61
119.523	2516.37	2105.35
119.522	2541.2	2126.13
119.523	2566.24	2147.07
119.525	2593.99	2170.24
119.527	2619.4	2191.47
119.528	2645.01	2212.87
119.531	2673.38	2236.56
119.531	2699.28	2258.22
119.532	2725.45	2280.1
119.531	2754.37	2304.31
119.532	2780.8	2326.41
119.537	2810.08	2350.81
119.538	2836.88	2373.21
119.539	2863.82	2395.73
119.546	2893.72	2420.6
119.558	2920.86	2443.05
1.25804	0	0
2.51467	0.100379	3.99175
3.89344	0.441254	11.3333
5.14934	0.958877	18.6214
6.40438	1.66507	25.999
7.78507	2.64395	33.9618
9.04674	3.71	41.0093
10.3058	4.92951	47.8323
11.6919	6.44367	55.1123
12.9519	7.96471	61.4948
14.3379	9.78388	68.2377
15.5973	11.56	74.1152
16.8561	13.4355	79.7072
18.2419	15.5981	85.5069
19.4996	17.6335	90.4303
20.7566	19.73	95.0541
22.012	21.8731	99.3688
23.3927	24.2735	103.765
24.647	26.4821	107.446
26.0256	28.9249	111.14
27.2766	31.1525	114.21
28.53	33.3784	116.994
29.9107	35.8203	119.758
31.1617	38.0301	122.041
32.4091	40.2217	124.106
33.7693	42.6125	126.187
35.0036	44.7789	127.927
36.2385	46.9504	129.559
37.5928	49.3362	131.238
38.8214	51.5233	132.719
40.047	53.736	134.182
41.3901	56.2155	135.819
42.6087	58.5264	137.358
43.8228	60.898	138.964
45.159	63.6078	140.853
46.361	66.1769	142.743
47.5677	68.867	144.777
48.9044	71.9882	147.202
50.1131	74.983	149.628
51.4403	78.4749	152.555
52.6417	81.8364	155.459
53.8386	85.3876	158.599
55.1511	89.5324	162.34
56.3406	93.508	165.969
57.5198	97.6969	169.849
58.814	102.553	174.368
59.99	107.192	178.684
61.1602	112.048	183.205
62.4422	117.626	188.376
63.6072	122.907	193.229
64.7694	128.389	198.225
66.0341	134.633	203.884
67.186	140.493	209.111
68.3371	146.525	214.414
69.6056	153.347	220.308
70.7547	159.706	225.718
71.9121	166.218	231.14
73.1773	173.506	237.103
74.3146	180.272	242.58
75.5518	187.839	248.622
76.6652	194.827	254.127
77.774	201.908	259.609
78.9798	209.779	265.611
80.0591	217.015	271.069
81.2306	225.046	277.046
82.2737	232.405	282.477
83.3017	239.816	287.888
84.3074	247.254	293.277
85.3926	255.473	299.175
86.3629	262.965	304.488
87.3172	270.475	309.761
88.3581	278.759	315.488
89.2927	286.264	320.591
90.3151	294.541	326.126
91.236	302.062	331.078
92.2423	310.333	336.432
93.1376	317.857	341.277
94.0264	325.368	346.039
94.8938	332.896	350.809
95.8338	341.193	356.025
96.6747	348.748	360.744
97.4969	356.324	365.472
98.3784	364.68	370.691
99.1645	372.32	375.457
100.003	380.79	380.779
100.741	388.535	385.675
101.453	396.337	390.662
102.215	405.013	396.235
102.893	413.002	401.391
103.551	421.09	406.652
104.249	430.134	412.601
104.865	438.44	418.101
105.461	446.904	423.762
106.102	456.368	430.122
106.668	465.128	436.052
107.214	474.06	442.161
107.795	484.048	449.046
108.307	493.329	455.492
108.804	502.769	462.086
109.331	513.378	469.564
109.79	523.232	476.576
110.239	533.243	483.718
110.715	544.5	491.801
111.128	554.945	499.373
111.564	566.664	507.926
111.942	577.537	515.925
112.307	588.601	524.099
112.688	601.011	533.341
113.015	612.501	541.964
113.332	624.19	550.76
113.667	637.266	560.642
113.952	649.371	569.865
114.225	661.658	579.26
114.513	675.4	589.805
114.763	688.074	599.561
115.022	702.195	610.489
115.248	715.228	620.601
115.459	728.44	630.907
115.675	743.145	642.44
115.859	756.715	653.135
116.035	770.363	663.905
116.219	785.568	675.936
116.375	799.524	687.027
116.518	813.623	698.28
116.665	829.225	710.776
116.789	843.527	722.268
116.904	857.938	733.885
117.026	873.861	746.724
117.124	888.444	758.548
117.23	904.559	771.61
117.319	919.253	783.55
117.412	934.004	795.496
117.512	950.28	808.666
117.605	965.114	820.639
117.696	979.986	832.642
117.784	996.373	845.932
117.866	1011.29	857.995
117.959	1027.71	871.245
118.045	1042.66	883.271
118.131	1057.59	895.269
118.219	1072.53	907.239
118.315	1089.01	920.433
118.4	1103.93	932.375
118.491	1120.4	945.559
118.57	1135.33	957.521
118.647	1150.29	969.51
118.724	1166.74	982.739
118.788	1181.72	994.815
118.845	1196.71	1006.95
118.903	1213.19	1020.32
118.952	1228.19	1032.51
119.003	1243.22	1044.7
119.062	1259.76	1058.07
119.113	1274.86	1070.3
119.161	1289.95	1082.53
119.211	1306.63	1096.06
119.254	1321.83	1108.42
119.295	1337.11	1120.84
119.335	1353.98	1134.6
119.368	1369.37	1147.18
119.396	1386.41	1161.19
119.41	1401.99	1174.09
119.427	1417.66	1187.05
119.444	1435.01	1201.4
119.462	1450.88	1214.51
119.474	1466.88	1227.77
119.485	1484.63	1242.52
119.49	1500.93	1256.12
119.493	1517.32	1269.8
119.494	1535.55	1285.05
119.499	1552.3	1299
119.501	1569.19	1313.11
119.5	1587.99	1328.86
119.501	1605.23	1343.28
119.498	1624.42	1359.37
119.497	1642.07	1374.15
119.495	1659.89	1389.1
119.493	1679.74	1405.72
119.495	1697.95	1420.93
119.5	1716.38	1436.3
119.501	1736.88	1453.44
119.502	1755.72	1469.2
119.503	1774.81	1485.16
119.505	1795.94	1502.82
119.506	1815.4	1519.1
119.507	1837.04	1537.18
119.507	1856.9	1553.8
119.508	1877	1570.6
119.51	1899.21	1589.17
119.512	1919.64	1606.23
119.513	1940.24	1623.45
119.514	1963.1	1642.56
119.515	1984.06	1660.1
119.515	2005.15	1677.74
119.515	2028.53	1697.3
119.516	2049.96	1715.22
119.516	2071.53	1733.27
119.519	2095.34	1753.14
119.521	2117.11	1771.32
119.525	2141.21	1791.42
119.527	2163.21	1809.81
119.527	2185.36	1828.34
119.529	2209.74	1848.71
119.53	2232.02	1867.33
119.531	2254.36	1886
119.531	2279	1906.61
119.531	2301.5	1925.43
119.532	2323.96	1944.21
119.533	2348.77	1964.96
119.532	2371.35	1983.86
119.53	2393.95	2002.8
119.529	2418.85	2023.66
119.528	2441.52	2042.64
119.528	2466.43	2063.48
119.527	2489.11	2082.48
119.524	2511.79	2101.49
119.523	2536.78	2122.42
119.522	2559.44	2141.39
119.523	2582.13	2160.37
119.525	2607.1	2181.2
119.527	2629.79	2200.16
119.528	2652.49	2219.13
119.531	2677.48	2239.99
119.531	2700.14	2258.94
119.532	2722.89	2277.96
119.531	2747.88	2298.88
119.532	2770.59	2317.87
119.537	2795.61	2338.71
119.538	2818.4	2357.74
119.539	2841.2	2376.8
119.546	2866.39	2397.74
119.558	2889.28	2416.64
1.25804	0	0
2.51467	0.100721	4.00533
3.89344	0.443504	11.3911
5.14934	0.967357	18.786
6.40438	1.68858	26.366
7.78507	2.7049	34.7448
9.04674	3.82898	42.3244
10.3058	5.14313	49.9051
11.6919	6.81705	58.3058
12.9519	8.54636	65.9856
14.3379	10.6827	74.5064
15.5973	12.8418	82.3335
16.8561	15.2023	90.1886
18.2419	18.0243	98.8073
19.4996	20.7856	106.595
20.7566	23.7399	114.373
22.012	26.886	122.142
23.3927	30.5762	130.708
24.647	34.1434	138.53
26.0256	38.2868	147.112
27.2766	42.2556	154.915
28.53	46.4147	162.687
29.9107	51.2219	171.25
31.1617	55.807	179.088
32.4091	60.5858	186.941
33.7693	66.0697	195.65
35.0036	71.2682	203.602
36.2385	76.6814	211.602
37.5928	82.8313	220.338
38.8214	88.6173	228.269
40.047	94.5956	236.212
41.3901	101.402	244.991
42.6087	107.802	253.005
43.8228	114.381	261.007
45.159	121.856	269.837
46.361	128.861	277.951
47.5677	136.056	286.025
48.9044	144.197	294.855
50.1131	151.796	302.908
51.4403	160.394	311.805
52.6417	168.412	319.921
53.8386	176.627	328.068
55.1511	185.905	337.084
56.3406	194.523	345.263
57.5198	203.349	353.528
58.814	213.289	362.651
59.99	222.535	370.954
61.1602	231.981	379.301
62.4422	242.592	388.507
63.6072	252.444	396.879
64.7694	262.498	405.281
66.0341	273.783	414.608
67.186	284.246	423.073
68.3371	294.906	431.546
69.6056	306.859	440.854
70.7547	317.934	449.347
71.9121	329.223	457.814
73.1773	341.824	467.117
74.3146	353.513	475.698
75.5518	366.592	485.219
76.6652	378.699	493.965
77.774	391.006	502.746
78.9798	404.747	512.469
80.0591	417.455	521.434
81.2306	431.656	531.396
82.2737	444.775	540.604
83.3017	458.108	549.938
84.3074	471.621	559.407
85.3926	486.719	569.978
86.3629	500.64	579.693
87.3172	514.758	589.527
88.3581	530.545	600.449
89.2927	545.043	610.4
90.3151	561.259	621.446
91.236	576.206	631.555
92.2423	592.873	642.734
93.1376	608.24	653.056
94.0264	623.781	663.411
94.8938	639.526	673.939
95.8338	657.076	685.641
96.6747	673.246	696.404
97.4969	689.618	707.323
98.3784	707.842	719.509
99.1645	724.624	730.73
100.003	743.347	743.325
100.741	760.541	754.943
101.453	777.917	766.776
102.215	797.266	779.987
102.893	815.085	792.17
103.551	833.098	804.533
104.249	853.182	818.405
104.865	871.553	831.122
105.461	890.175	844.081
106.102	910.878	858.494
106.668	929.906	871.776
107.214	949.155	885.287
107.795	970.495	900.316
108.307	990.148	914.205
108.804	1009.96	928.235
109.331	1032.01	943.931
109.79	1052.29	958.454
110.239	1072.69	973.059
110.715	1095.39	989.376
111.128	1116.25	1004.47
111.564	1139.41	1021.31
111.942	1160.69	1036.87
112.307	1182.15	1052.6
112.688	1205.99	1070.21
113.015	1227.87	1086.47
113.332	1249.95	1102.91
113.667	1274.45	1121.22
113.952	1296.96	1138.16
114.225	1319.64	1155.3
114.513	1344.85	1174.41
114.763	1367.95	1191.98
115.022	1393.55	1211.55
115.248	1417.05	1229.57
115.459	1440.77	1247.86
115.675	1467.07	1268.26
115.859	1491.25	1287.13
116.035	1515.52	1306.09
116.219	1542.49	1327.23
116.375	1567.22	1346.7
116.518	1592.18	1366.46
116.665	1619.8	1388.42
116.789	1645.13	1408.63
116.904	1670.68	1429.11
117.026	1698.96	1451.78
117.124	1724.92	1472.73
117.23	1753.7	1495.95
117.319	1780.05	1517.27
117.412	1806.6	1538.69
117.512	1836.03	1562.42
117.605	1863	1584.11
117.696	1890.17	1605.98
117.784	1920.28	1630.34
117.866	1947.85	1652.6
117.959	1978.42	1677.21
118.045	2006.43	1699.71
118.131	2034.59	1722.32
118.219	2062.96	1745.02
118.315	2094.47	1770.24
118.4	2123.19	1793.23
118.491	2155.12	1818.81
118.57	2184.28	1842.18
118.647	2213.68	1865.77
118.724	2246.22	1891.97
118.788	2276.04	1916.06
118.845	2306.08	1940.41
118.903	2339.28	1967.39
118.952	2369.69	1992.15
119.003	2400.32	2017.02
119.062	2434.2	2044.48
119.113	2465.27	2069.69
119.161	2496.45	2095.03
119.211	2531.03	2123.15
119.254	2562.65	2148.9
119.295	2594.49	2174.85
119.335	2629.74	2203.67
119.368	2661.95	2230.04
119.396	2697.67	2259.44
119.41	2730.32	2286.5
119.427	2763.16	2313.69
119.444	2799.54	2343.8
119.462	2832.78	2371.28
119.474	2866.21	2399.02
119.485	2903.24	2429.79
119.49	2937.16	2458.08
119.493	2971.16	2486.47
119.494	3008.84	2518
119.499	3043.33	2546.74
119.501	3077.98	2575.69
119.5	3116.37	2607.85
119.501	3151.42	2637.16
119.498	3190.22	2669.67
119.497	3225.71	2699.42
119.495	3261.4	2729.32
119.493	3300.9	2762.42
119.495	3336.95	2792.54
119.5	3373.24	2822.8
119.501	3413.39	2856.36
119.502	3450.09	2887.05
119.503	3487.07	2917.97
119.505	3527.8	2952.02
119.506	3565.12	2983.22
119.507	3606.41	3017.73
119.507	3644.12	3049.29
119.508	3682.14	3081.08
119.51	3723.97	3116.04
119.512	3762.32	3148.06
119.513	3800.83	3180.26
119.514	3843.44	3215.89
119.515	3882.41	3248.47
119.515	3921.51	3281.19
119.515	3964.78	3317.38
119.516	4004.36	3350.48
119.516	4044.17	3383.78
119.519	4088.05	3420.42
119.521	4128.17	3453.92
119.525	4172.56	3490.94
119.527	4213.11	3524.82
119.527	4253.95	3558.99
119.529	4298.94	3596.58
119.53	4340.11	3630.99
119.531	4381.48	3665.55
119.531	4427.2	3703.8
119.531	4469.05	3738.8
119.532	4510.94	3773.82
119.533	4557.34	3812.63
119.532	4599.73	3848.11
119.53	4642.3	3883.79
119.529	4689.38	3923.22
119.528	4732.39	3959.24
119.528	4779.88	3998.97
119.527	4823.3	4035.33
119.524	4866.88	4071.88
119.523	4915.12	4112.29
119.522	4959.08	4149.08
119.523	5003.29	4186.05
119.525	5052.15	4226.84
119.527	5096.76	4264.1
119.528	5141.61	4301.57
119.531	5191.16	4342.95
119.531	5236.31	4380.7
119.532	5281.81	4418.75
119.531	5332	4460.75
119.532	5377.77	4499.03
119.537	5428.39	4541.2
119.538	5474.65	4579.84
119.539	5521.08	4618.65
119.546	5572.53	4661.43
119.558	5619.17	4699.96
1.25804	0	0
2.51467	0.100721	4.00533
3.89344	0.443504	11.3911
5.14934	0.967357	18.786
6.40438	1.68858	26.366
7.78507	2.7049	34.7448
9.04674	3.82898	42.3244
10.3058	5.14313	49.9051
11.6919	6.81705	58.3058
12.9519	8.54636	65.9856
14.3379	10.6827	74.5064
15.5973	12.8418	82.3335
16.8561	15.2023	90.1886
18.2419	18.0243	98.8073
19.4996	20.7856	106.595
20.7566	23.7399	114.373
22.012	26.886	122.142
23.3927	30.5762	130.708
24.647	34.1434	138.53
26.0256	38.2868	147.112
27.2766	42.2556	154.915
28.53	46.4147	162.687
29.9107	51.2219	171.25
31.1617	55.807	179.088
32.4091	60.5858	186.941
33.7693	66.0697	195.65
35.0036	71.2682	203.602
36.2385	76.6814	211.602
37.5928	82.8313	220.338
38.8214	88.6173	228.269
40.047	94.5956	236.212
41.3901	101.402	244.991
42.6087	107.802	253.005
43.8228	114.381	261.007
45.159	121.856	269.837
46.361	128.861	277.951
47.5677	136.056	286.025
48.9044	144.197	294.855
50.1131	151.796	302.908
51.4403	160.394	311.805
52.6417	168.412	319.921
53.8386	176.627	328.068
55.1511	185.905	337.084
56.3406	194.523	345.263
57.5198	203.349	353.528
58.814	213.289	362.651
59.99	222.535	370.954
61.1602	231.981	379.301
62.4422	242.592	388.507
63.6072	252.444	396.879
64.7694	262.498	405.281
66.0341	273.783	414.608
67.186	284.246	423.073
68.3371	294.906	431.546
69.6056	306.859	440.854
70.7547	317.934	449.347
71.9121	329.223	457.814
73.1773	341.824	467.117
74.3146	353.513	475.698
75.5518	366.592	485.219
76.6652	378.699	493.965
77.774	391.006	502.746
78.9798	404.747	512.469
80.0591	417.455	521.434
81.2306	431.656	531.396
82.2737	444.775	540.604
83.3017	458.108	549.938
84.3074	471.621	559.407
85.3926	486.719	569.978
86.3629	500.64	579.693
87.3172	514.758	589.527
88.3581	530.545	600.449
89.2927	545.043	610.4
90.3151	561.259	621.446
91.236	576.206	631.555
92.2423	592.873	642.734
93.1376	608.24	653.056
94.0264	623.781	663.411
94.8938	639.526	673.939
95.8338	657.076	685.641
96.6747	673.246	696.404
97.4969	689.618	707.323
98.3784	707.842	719.509
99.1645	724.624	730.73
100.003	743.347	743.325
100.741	760.541	754.943
101.453	777.917	766.776
102.215	797.266	779.987
102.893	815.085	792.17
103.551	833.098	804.533
104.249	853.182	818.405
104.865	871.553	831.122
105.461	890.175	844.081
106.102	910.878	858.494
106.668	929.906	871.776
107.214	949.155	885.287
107.795	970.495	900.316
108.307	990.148	914.205
108.804	1009.96	928.235
109.331	1032.01	943.931
109.79	1052.29	958.454
110.239	1072.69	973.059
110.715	1095.39	989.376
111.128	1116.25	1004.47
111.564	1139.41	1021.31
111.942	1160.69	1036.87
112.307	1182.15	1052.6
112.688	1205.99	1070.21
113.015	1227.87	1086.47
113.332	1249.95	1102.91
113.667	1274.45	1121.22
113.952	1296.96	1138.16
114.225	1319.64	1155.3
114.513	1344.85	1174.41
114.763	1367.95	1191.98
115.022	1393.55	1211.55
115.248	1417.05	1229.57
115.459	1440.77	1247.86
115.675	1467.07	1268.26
115.859	1491.25	1287.13
116.035	1515.52	1306.09
116.219	1542.49	1327.23
116.375	1567.22	1346.7
116.518	1592.18	1366.46
116.665	1619.8	1388.42
116.789	1645.13	1408.63
116.904	1670.68	1429.11
117.026	1698.96	1451.78
117.124	1724.92	1472.73
117.23	1753.7	1495.95
117.319	1780.05	1517.27
117.412	1806.6	1538.69
117.512	1836.03	1562.42
117.605	1863	1584.11
117.696	1890.17	1605.98
117.784	1920.28	1630.34
117.866	1947.85	1652.6
117.959	1978.42	1677.21
118.045	2006.43	1699.71
118.131	2034.59	1722.32
118.219	2062.96	1745.02
118.315	2094.47	1770.24
118.4	2123.19	1793.23
118.491	2155.12	1818.81
118.57	2184.28	1842.18
118.647	2213.68	1865.77
118.724	2246.22	1891.97
118.788	2276.04	1916.06
118.845	2306.08	1940.41
118.903	2339.28	1967.39
118.952	2369.69	1992.15
119.003	2400.32	2017.02
119.062	2434.2	2044.48
119.113	2465.27	2069.69
119.161	2496.45	2095.03
119.211	2531.03	2123.15
119.254	2562.65	2148.9
119.295	2594.49	2174.85
119.335	2629.74	2203.67
119.368	2661.95	2230.04
119.396	2697.67	2259.44
119.41	2730.32	2286.5
119.427	2763.16	2313.69
119.444	2799.54	2343.8
119.462	2832.78	2371.28
119.474	2866.21	2399.02
119.485	2903.24	2429.79
119.49	2937.16	2458.08
119.493	2971.16	2486.47
119.494	3008.84	2518
119.499	3043.33	2546.74
119.501	3077.98	2575.69
119.5	3116.37	2607.85
119.501	3151.42	2637.16
119.498	3190.22	2669.67
119.497	3225.71	2699.42
119.495	3261.4	2729.32
119.493	3300.9	2762.42
119.495	3336.95	2792.54
119.5	3373.24	2822.8
119.501	3413.39	2856.36
119.502	3450.09	2887.05
119.503	3487.07	2917.97
119.505	3527.8	2952.02
119.506	3565.12	2983.22
119.507	3606.41	3017.73
119.507	3644.12	3049.29
119.508	3682.14	3081.08
119.51	3723.97	3116.04
119.512	3762.32	3148.06
119.513	3800.83	3180.26
119.514	3843.44	3215.89
119.515	3882.41	3248.47
119.515	3921.51	3281.19
119.515	3964.78	3317.38
119.516	4004.36	3350.48
119.516	4044.17	3383.78
119.519	4088.05	3420.42
119.521	4128.17	3453.92
119.525	4172.56	3490.94
119.527	4213.11	3524.82
119.527	4253.95	3558.99
119.529	4298.94	3596.58
119.53	4340.11	3630.99
119.531	4381.48	3665.55
119.531	4427.2	3703.8
119.531	4469.05	3738.8
119.532	4510.94	3773.82
119.533	4557.34	3812.63
119.532	4599.73	3848.11
119.53	4642.3	3883.79
119.529	4689.38	3923.22
119.528	4732.39	3959.24
119.528	4779.88	3998.97
119.527	4823.3	4035.33
119.524	4866.88	4071.88
119.523	4915.12	4112.29
119.522	4959.08	4149.08
119.523	5003.29	4186.05
119.525	5052.15	4226.84
119.527	5096.76	4264.1
119.528	5141.61	4301.57
119.531	5191.16	4342.95
119.531	5236.31	4380.7
119.532	5281.81	4418.75
119.531	5332	4460.75
119.532	5377.77	4499.03
119.537	5428.39	4541.2
119.538	5474.65	4579.84
119.539	5521.08	4618.65
119.546	5572.53	4661.43
119.558	5619.17	4699.96
1.25804	0	0
2.51467	0.100545	3.99833
3.89344	0.44283	11.3738
5.14934	0.966243	18.7644
6.40438	1.68713	26.3434
7.78507	2.70324	34.7234
9.04674	3.82716	42.3043
10.3058	5.14114	49.8858
11.6919	6.8148	58.2865
12.9519	8.54382	65.966
14.3379	10.6798	74.4863
15.5973	12.8387	82.3133
16.8561	15.1989	90.1684
18.2419	18.0207	98.7873
19.4996	20.7818	106.575
20.7566	23.7359	114.354
22.012	26.8818	122.124
23.3927	30.5718	130.69
24.647	34.1388	138.511
26.0256	38.282	147.093
27.2766	42.2506	154.897
28.53	46.4096	162.669
29.9107	51.2167	171.232
31.1617	55.8017	179.071
32.4091	60.5805	186.924
33.7693	66.0643	195.634
35.0036	71.2627	203.587
36.2385	76.6758	211.587
37.5928	82.8256	220.323
38.8214	88.6116	228.255
40.047	94.5898	236.197
41.3901	101.396	244.976
42.6087	107.796	252.991
43.8228	114.375	260.993
45.159	121.849	269.823
46.361	128.855	277.938
47.5677	136.049	286.012
48.9044	144.19	294.841
50.1131	151.79	302.894
51.4403	160.387	311.792
52.6417	168.405	319.907
53.8386	176.619	328.054
55.1511	185.897	337.07
56.3406	194.515	345.248
57.5198	203.34	353.513
58.814	213.28	362.635
59.99	222.525	370.937
61.1602	231.971	379.284
62.4422	242.581	388.489
63.6072	252.432	396.86
64.7694	262.486	405.262
66.0341	273.769	414.588
67.186	284.232	423.052
68.3371	294.891	431.523
69.6056	306.842	440.83
70.7547	317.916	449.322
71.9121	329.204	457.787
73.1773	341.803	467.089
74.3146	353.491	475.668
75.5518	366.567	485.186
76.6652	378.672	493.93
77.774	390.976	502.708
78.9798	404.715	512.428
80.0591	417.419	521.389
81.2306	431.616	531.346
82.2737	444.73	540.55
83.3017	458.059	549.879
84.3074	471.568	559.343
85.3926	486.66	569.909
86.3629	500.576	579.619
87.3172	514.688	589.447
88.3581	530.469	600.363
89.2927	544.96	610.308
90.3151	561.17	621.347
91.236	576.111	631.451
92.2423	592.771	642.624
93.1376	608.132	652.939
94.0264	623.666	663.289
94.8938	639.404	673.81
95.8338	656.946	685.505
96.6747	673.108	696.261
97.4969	689.472	707.173
98.3784	707.686	719.35
99.1645	724.459	730.563
100.003	743.171	743.149
100.741	760.354	754.758
101.453	777.719	766.582
102.215	797.056	779.781
102.893	814.863	791.954
103.551	832.863	804.306
104.249	852.933	818.166
104.865	871.29	830.871
105.461	889.899	843.818
106.102	910.585	858.218
106.668	929.598	871.488
107.214	948.832	884.986
107.795	970.154	900
108.307	989.79	913.875
108.804	1009.58	927.891
109.331	1031.61	943.572
109.79	1051.87	958.08
110.239	1072.26	972.67
110.715	1094.94	988.97
111.128	1115.78	1004.05
111.564	1138.92	1020.87
111.942	1160.18	1036.41
112.307	1181.62	1052.13
112.688	1205.44	1069.71
113.015	1227.3	1085.96
113.332	1249.35	1102.38
113.667	1273.83	1120.67
113.952	1296.31	1137.6
114.225	1318.97	1154.72
114.513	1344.15	1173.8
114.763	1367.23	1191.35
115.022	1392.8	1210.9
115.248	1416.27	1228.89
115.459	1439.97	1247.17
115.675	1466.24	1267.54
115.859	1490.4	1286.39
116.035	1514.64	1305.33
116.219	1541.59	1326.45
116.375	1566.28	1345.9
116.518	1591.22	1365.64
116.665	1618.8	1387.57
116.789	1644.11	1407.76
116.904	1669.63	1428.21
117.026	1697.88	1450.86
117.124	1723.82	1471.78
117.23	1752.57	1494.98
117.319	1778.88	1516.28
117.412	1805.41	1537.68
117.512	1834.81	1561.38
117.605	1861.76	1583.05
117.696	1888.9	1604.9
117.784	1918.98	1629.24
117.866	1946.53	1651.47
117.959	1977.07	1676.06
118.045	2005.05	1698.54
118.131	2033.19	1721.13
118.219	2061.53	1743.82
118.315	2093.01	1769.01
118.4	2121.71	1791.98
118.491	2153.61	1817.54
118.57	2182.75	1840.89
118.647	2212.12	1864.46
118.724	2244.64	1890.64
118.788	2274.43	1914.71
118.845	2304.45	1939.04
118.903	2337.63	1966
118.952	2368.02	1990.74
119.003	2398.62	2015.6
119.062	2432.48	2043.04
119.113	2463.52	2068.23
119.161	2494.69	2093.54
119.211	2529.24	2121.64
119.254	2560.83	2147.38
119.295	2592.66	2173.31
119.335	2627.89	2202.11
119.368	2660.08	2228.47
119.396	2695.77	2257.85
119.41	2728.39	2284.89
119.427	2761.22	2312.06
119.444	2797.57	2342.16
119.462	2830.79	2369.62
119.474	2864.21	2397.34
119.485	2901.21	2428.09
119.49	2935.11	2456.37
119.493	2969.09	2484.74
119.494	3006.76	2516.25
119.499	3041.22	2544.98
119.501	3075.86	2573.91
119.5	3114.23	2606.06
119.501	3149.26	2635.35
119.498	3188.04	2667.85
119.497	3223.52	2697.58
119.495	3259.18	2727.47
119.493	3298.67	2760.55
119.495	3334.71	2790.65
119.5	3370.97	2820.9
119.501	3411.11	2854.45
119.502	3447.79	2885.13
119.503	3484.75	2916.04
119.505	3525.47	2950.07
119.506	3562.77	2981.26
119.507	3604.05	3015.76
119.507	3641.74	3047.3
119.508	3679.75	3079.08
119.51	3721.57	3114.03
119.512	3759.9	3146.04
119.513	3798.4	3178.23
119.514	3841	3213.84
119.515	3879.95	3246.42
119.515	3919.05	3279.12
119.515	3962.3	3315.31
119.516	4001.86	3348.39
119.516	4041.67	3381.69
119.519	4085.53	3418.32
119.521	4125.64	3451.8
119.525	4170.02	3488.81
119.527	4210.56	3522.69
119.527	4251.39	3556.84
119.529	4296.37	3594.43
119.53	4337.53	3628.83
119.531	4378.88	3663.39
119.531	4424.59	3701.62
119.531	4466.44	3736.62
119.532	4508.32	3771.63
119.533	4554.71	3810.43
119.532	4597.09	3845.91
119.53	4639.66	3881.58
119.529	4686.72	3921
119.528	4729.73	3957.02
119.528	4777.2	3996.73
119.527	4820.62	4033.09
119.524	4864.2	4069.63
119.523	4912.43	4110.04
119.522	4956.38	4146.82
119.523	5000.58	4183.79
119.525	5049.43	4224.57
119.527	5094.04	4261.83
119.528	5138.88	4299.29
119.531	5188.43	4340.66
119.531	5233.57	4378.41
119.532	5279.07	4416.46
119.531	5329.25	4458.45
119.532	5375.02	4496.73
119.537	5425.63	4538.89
119.538	5471.88	4577.53
119.539	5518.31	4616.34
119.546	5569.76	4659.11
119.558	5616.39	4697.63
1.25804	0	0
2.51467	0.00604347	0.240329
3.89344	0.0287945	0.739564
5.14934	0.0610749	1.18607
6.40438	0.102141	1.59486
7.78507	0.144388	1.85467
9.04674	0.188815	2.0871
10.3058	0.230253	2.2342
11.6919	0.279752	2.3927
12.9519	0.326008	2.51708
14.3379	0.381548	2.66111
15.5973	0.434762	2.78741
16.8561	0.491362	2.91504
18.2419	0.559824	3.06889
19.4996	0.62276	3.19371
20.7566	0.691353	3.33076
22.012	0.761081	3.45757
23.3927	0.843888	3.60749
24.647	0.924136	3.74949
26.0256	1.01558	3.90225
27.2766	1.09983	4.03214
28.53	1.18517	4.15413
29.9107	1.28373	4.29187
31.1617	1.38275	4.43735
32.4091	1.48301	4.57591
33.7693	1.59609	4.72644
35.0036	1.70425	4.86879
36.2385	1.8238	5.03278
37.5928	1.95802	5.20848
38.8214	2.0869	5.37566
40.047	2.22172	5.54779
41.3901	2.37678	5.7424
42.6087	2.52429	5.92435
43.8228	2.67526	6.10472
45.159	2.84358	6.29682
46.361	3.00328	6.47803
47.5677	3.17043	6.66509
48.9044	3.36269	6.87605
50.1131	3.5427	7.06942
51.4403	3.74632	7.28285
52.6417	3.93559	7.47618
53.8386	4.12997	7.67102
55.1511	4.3527	7.89232
56.3406	4.55806	8.09018
57.5198	4.76841	8.29003
58.814	5.00313	8.50669
59.99	5.21363	8.69083
61.1602	5.43458	8.88582
62.4422	5.68556	9.10532
63.6072	5.9167	9.30194
64.7694	6.14942	9.49433
66.0341	6.41569	9.71573
67.186	6.65669	9.90784
68.3371	6.89871	10.0951
69.6056	7.18103	10.3168
70.7547	7.4419	10.5179
71.9121	7.70863	10.7195
73.1773	8.00593	10.9405
74.3146	8.28214	11.1447
75.5518	8.59259	11.3731
76.6652	8.87914	11.5817
77.774	9.16823	11.7883
78.9798	9.49048	12.0163
80.0591	9.78675	12.2244
81.2306	10.127	12.4669
82.2737	10.4388	12.688
83.3017	10.7585	12.915
84.3074	11.0822	13.1449
85.3926	11.4436	13.4012
86.3629	11.7696	13.6281
87.3172	12.0994	13.8568
88.3581	12.4681	14.1109
89.2927	12.8092	14.3452
90.3151	13.1922	14.6069
91.236	13.5481	14.8495
92.2423	13.945	15.1179
93.1376	14.3159	15.3707
94.0264	14.6769	15.6094
94.8938	15.0576	15.8679
95.8338	15.4867	16.16
96.6747	15.8779	16.4241
97.4969	16.2844	16.7025
98.3784	16.7388	17.0147
99.1645	17.1568	17.3014
100.003	17.628	17.6275
100.741	18.0632	17.9303
101.453	18.5056	18.2406
102.215	18.9977	18.586
102.893	19.4522	18.9053
103.551	19.916	19.2331
104.249	20.4368	19.6038
104.865	20.912	19.9419
105.461	21.3959	20.288
106.102	21.9264	20.6654
106.668	22.4148	21.0136
107.214	22.9138	21.3719
107.795	23.4708	21.7736
108.307	23.9815	22.1421
108.804	24.4921	22.5102
109.331	25.0591	22.9204
109.79	25.5814	23.3004
110.239	26.1041	23.6796
110.715	26.6868	24.104
111.128	27.2274	24.5009
111.564	27.828	24.9435
111.942	28.3854	25.3573
112.307	28.9471	25.775
112.688	29.5769	26.2467
113.015	30.1543	26.6817
113.332	30.7402	27.1239
113.667	31.3909	27.6165
113.952	31.9897	28.0731
114.225	32.5928	28.534
114.513	33.2598	29.0447
114.763	33.8697	29.5127
115.022	34.5477	30.0358
115.248	35.1635	30.5112
115.459	35.7838	30.9925
115.675	36.4732	31.5306
115.859	37.1049	32.0259
116.035	37.7386	32.5234
116.219	38.4443	33.0791
116.375	39.092	33.5915
116.518	39.7458	34.1112
116.665	40.469	34.6883
116.789	41.1336	35.2205
116.904	41.8045	35.7598
117.026	42.5497	36.3592
117.124	43.237	36.9155
117.23	43.999	37.5322
117.319	44.6976	38.0992
117.412	45.4009	38.6682
117.512	46.1816	39.2994
117.605	46.8956	39.8755
117.696	47.6173	40.4579
117.784	48.4261	41.1143
117.866	49.1601	41.7084
117.959	49.972	42.3639
118.045	50.7121	42.9598
118.131	51.4572	43.5595
118.219	52.2056	44.16
118.315	53.0369	44.8267
118.4	53.7956	45.4355
118.491	54.639	46.1125
118.57	55.4074	46.7297
118.647	56.181	47.3515
118.724	57.0431	48.0469
118.788	57.8331	48.6861
118.845	58.6287	49.3321
118.903	59.5075	50.0471
118.952	60.3176	50.7076
119.003	61.1294	51.3679
119.062	62.0261	52.0956
119.113	62.8468	52.7624
119.161	63.67	53.4319
119.211	64.5863	54.1781
119.254	65.4241	54.8611
119.295	66.2689	55.5504
119.335	67.2037	56.3153
119.368	68.0601	57.017
119.396	69.0081	57.7979
119.41	69.882	58.5227
119.427	70.7552	59.2457
119.444	71.7186	60.0436
119.462	72.5971	60.77
119.474	73.4831	61.5053
119.485	74.4645	62.3211
119.49	75.3618	63.0697
119.493	76.2603	63.8199
119.494	77.2564	64.6531
119.499	78.1654	65.4109
119.501	79.0802	66.1752
119.5	80.0981	67.0278
119.501	81.0271	67.8048
119.498	82.0588	68.6693
119.497	83.0019	69.4595
119.495	83.95	70.2542
119.493	85.0004	71.1341
119.495	85.9578	71.9339
119.5	86.9207	72.737
119.501	87.9884	73.6296
119.502	88.9686	74.4493
119.503	89.9532	75.2727
119.505	91.039	76.1803
119.506	92.0332	77.0116
119.507	93.1348	77.9325
119.507	94.1416	78.7749
119.508	95.1557	79.6228
119.51	96.2708	80.5548
119.512	97.2924	81.408
119.513	98.3201	82.2672
119.514	99.458	83.2185
119.515	100.499	84.089
119.515	101.543	84.9625
119.515	102.7	85.9303
119.516	103.756	86.8139
119.516	104.819	87.7028
119.519	105.989	88.68
119.521	107.059	89.5728
119.525	108.241	90.5589
119.527	109.324	91.464
119.527	110.419	92.3804
119.529	111.622	93.3856
119.53	112.725	94.3069
119.531	113.832	95.232
119.531	115.058	96.258
119.531	116.179	97.1957
119.532	117.302	98.1342
119.533	118.546	99.1747
119.532	119.681	100.124
119.53	120.821	101.08
119.529	122.082	102.137
119.528	123.237	103.103
119.528	124.51	104.168
119.527	125.677	105.146
119.524	126.85	106.129
119.523	128.148	107.216
119.522	129.33	108.205
119.523	130.517	109.198
119.525	131.827	110.292
119.527	133.023	111.291
119.528	134.227	112.297
119.531	135.557	113.407
119.531	136.771	114.423
119.532	137.994	115.446
119.531	139.345	116.576
119.532	140.576	117.606
119.537	141.936	118.738
119.538	143.178	119.776
119.539	144.425	120.819
119.546	145.805	121.966
119.558	147.046	122.992
1.25804	0	0
2.51467	0.0108249	0.43047
3.89344	0.0636785	1.63553
5.14934	0.16361	3.1773
6.40438	0.327101	5.10746
7.78507	0.583899	7.50025
9.04674	0.91756	10.1424
10.3058	1.34594	13.06
11.6919	1.95117	16.6882
12.9519	2.63184	20.3202
14.3379	3.54066	24.6944
15.5973	4.51629	28.9556
16.8561	5.64166	33.4695
18.2419	7.05644	38.6826
19.4996	8.50204	43.6011
20.7566	10.1076	48.6957
22.012	11.8736	53.9414
23.3927	14.0018	59.8555
24.647	16.1073	65.352
26.0256	18.6054	71.4889
27.2766	21.0408	77.1388
28.53	23.6308	82.8278
29.9107	26.6499	89.0982
31.1617	29.5439	94.8083
32.4091	32.5687	100.492
33.7693	36.0342	106.707
35.0036	39.3067	112.293
36.2385	42.6994	117.829
37.5928	46.5447	123.813
38.8214	50.1491	129.179
40.047	53.8456	134.456
41.3901	57.9989	140.128
42.6087	61.8502	145.159
43.8228	65.7527	150.042
45.159	70.1084	155.248
46.361	74.1135	159.862
47.5677	78.1659	164.326
48.9044	82.6755	169.055
50.1131	86.7932	173.195
51.4403	91.3528	177.59
52.6417	95.516	181.445
53.8386	99.6999	185.183
55.1511	104.326	189.163
56.3406	108.532	192.636
57.5198	112.758	196.034
58.814	117.429	199.662
59.99	121.691	202.851
61.1602	125.969	205.966
62.4422	130.705	209.322
63.6072	135.049	212.318
64.7694	139.426	215.266
66.0341	144.292	218.511
67.186	148.776	221.439
68.3371	153.314	224.349
69.6056	158.383	227.543
70.7547	163.075	230.479
71.9121	167.862	233.427
73.1773	173.222	236.716
74.3146	178.214	239.811
75.5518	183.825	243.31
76.6652	189.064	246.61
77.774	194.439	250.005
78.9798	200.506	253.87
80.0591	206.183	257.539
81.2306	212.616	261.744
82.2737	218.635	265.741
83.3017	224.832	269.901
84.3074	231.196	274.23
85.3926	238.419	279.203
86.3629	245.177	283.891
87.3172	252.124	288.745
88.3581	260.014	294.273
89.2927	267.357	299.416
90.3151	275.679	305.241
91.236	283.447	310.675
92.2423	292.212	316.788
93.1376	300.372	322.503
94.0264	308.712	328.325
94.8938	317.22	334.29
95.8338	326.76	340.965
96.6747	335.604	347.148
97.4969	344.595	353.442
98.3784	354.642	360.488
99.1645	363.909	366.975
100.003	374.257	374.246
100.741	383.755	380.931
101.453	393.337	387.704
102.215	403.983	395.227
102.893	413.754	402.122
103.551	423.591	409.067
104.249	434.503	416.792
104.865	444.423	423.806
105.461	454.41	430.879
106.102	465.44	438.673
106.668	475.504	445.779
107.214	485.598	452.923
107.795	496.694	460.776
108.307	506.827	467.954
108.804	516.955	475.124
109.331	528.121	483.049
109.79	538.293	490.294
110.239	548.433	497.496
110.715	559.609	505.448
111.128	569.774	512.717
111.564	580.961	520.741
111.942	591.134	528.071
112.307	601.308	535.414
112.688	612.51	543.545
113.015	622.705	550.993
113.332	632.918	558.462
113.667	644.165	566.711
113.952	654.414	574.291
114.225	664.682	581.907
114.513	676.024	590.349
114.763	686.362	598.069
115.022	697.756	606.63
115.248	708.17	614.476
115.459	718.64	622.419
115.675	730.21	631.257
115.859	740.824	639.419
116.035	751.457	647.611
116.219	763.265	656.745
116.375	774.086	665.168
116.518	785.018	673.73
116.665	797.129	683.265
116.789	808.26	692.07
116.904	819.516	701.019
117.026	832.023	710.973
117.124	843.55	720.217
117.23	856.392	730.522
117.319	868.211	740.043
117.412	880.195	749.667
117.512	893.571	760.408
117.605	905.912	770.299
117.696	918.427	780.339
117.784	932.378	791.6
117.866	945.26	801.978
117.959	959.655	813.551
118.045	972.953	824.219
118.131	986.423	835.025
118.219	1000.09	845.965
118.315	1015.39	858.209
118.4	1029.44	869.461
118.491	1045.17	882.073
118.57	1059.65	893.688
118.647	1074.33	905.489
118.724	1090.69	918.683
118.788	1105.77	930.884
118.845	1121.05	943.29
118.903	1138.03	957.111
118.952	1153.66	969.857
119.003	1169.48	982.733
119.062	1187.06	997.01
119.113	1203.24	1010.17
119.161	1219.53	1023.43
119.211	1237.63	1038.18
119.254	1254.22	1051.72
119.295	1270.96	1065.39
119.335	1289.51	1080.58
119.368	1306.48	1094.5
119.396	1325.3	1110.01
119.41	1342.48	1124.26
119.427	1359.78	1138.59
119.444	1378.93	1154.45
119.462	1396.39	1168.9
119.474	1413.93	1183.46
119.485	1433.29	1199.55
119.49	1450.97	1214.31
119.493	1468.64	1229.06
119.494	1488.16	1245.39
119.499	1505.95	1260.22
119.501	1523.75	1275.09
119.5	1543.38	1291.53
119.501	1561.21	1306.45
119.498	1580.85	1322.9
119.497	1598.73	1337.88
119.495	1616.6	1352.87
119.493	1636.3	1369.36
119.495	1654.17	1384.29
119.5	1672.06	1399.22
119.501	1691.75	1415.67
119.502	1709.64	1430.64
119.503	1727.58	1445.64
119.505	1747.24	1462.07
119.506	1765.16	1477.05
119.507	1784.89	1493.54
119.507	1802.83	1508.55
119.508	1820.84	1523.61
119.51	1840.58	1540.11
119.512	1858.61	1555.16
119.513	1876.66	1570.25
119.514	1896.57	1586.89
119.515	1914.72	1602.08
119.515	1932.91	1617.29
119.515	1952.99	1634.09
119.516	1971.33	1649.43
119.516	1989.77	1664.86
119.519	2010.09	1681.82
119.521	2028.67	1697.33
119.525	2049.23	1714.47
119.527	2068.03	1730.18
119.527	2086.98	1746.03
119.529	2107.89	1763.51
119.53	2127.07	1779.53
119.531	2146.38	1795.67
119.531	2167.78	1813.57
119.531	2187.43	1830.01
119.532	2207.17	1846.5
119.533	2229.11	1864.85
119.532	2249.23	1881.69
119.53	2269.52	1898.7
119.529	2292.05	1917.57
119.528	2312.73	1934.89
119.528	2335.66	1954.07
119.527	2356.72	1971.71
119.524	2377.96	1989.52
119.523	2401.57	2009.3
119.522	2423.2	2027.4
119.523	2445.05	2045.67
119.525	2469.31	2065.93
119.527	2491.58	2084.53
119.528	2514.05	2103.31
119.531	2539	2124.14
119.531	2561.83	2143.23
119.532	2584.92	2162.54
119.531	2610.48	2183.93
119.532	2633.89	2203.51
119.537	2659.85	2225.13
119.538	2683.65	2245.02
119.539	2707.62	2265.06
119.546	2734.23	2287.18
119.558	2758.4	2307.16
1.25804	0	0
2.51467	0.00594539	0.236428
3.89344	0.0281789	0.723755
5.14934	0.0594597	1.15471
6.40438	0.0990104	1.54598
7.78507	0.139098	1.78673
9.04674	0.181293	2.00395
10.3058	0.220282	2.13746
11.6919	0.26705	2.28406
12.9519	0.310654	2.39853
14.3379	0.36262	2.5291
15.5973	0.411818	2.64032
16.8561	0.463362	2.74892
18.2419	0.524828	2.87704
19.4996	0.579901	2.97391
20.7566	0.639071	3.07888
22.012	0.697596	3.16916
23.3927	0.766322	3.2759
24.647	0.832123	3.37617
26.0256	0.905572	3.47954
27.2766	0.970979	3.55976
28.53	1.03489	3.62737
29.9107	1.10688	3.70063
31.1617	1.17878	3.78279
32.4091	1.2489	3.85354
33.7693	1.32495	3.92354
35.0036	1.39623	3.98881
36.2385	1.47574	4.07231
37.5928	1.56203	4.15513
38.8214	1.64291	4.23197
40.047	1.72536	4.30835
41.3901	1.81831	4.39311
42.6087	1.90539	4.47183
43.8228	1.99237	4.54642
45.159	2.08618	4.61964
46.361	2.17353	4.68827
47.5677	2.26564	4.76298
48.9044	2.37258	4.85147
50.1131	2.47164	4.93212
51.4403	2.58228	5.01995
52.6417	2.68324	5.09717
53.8386	2.78543	5.17367
55.1511	2.90234	5.26252
56.3406	3.0084	5.33967
57.5198	3.11386	5.41355
58.814	3.22817	5.48879
59.99	3.32483	5.5423
61.1602	3.4275	5.60413
62.4422	3.54354	5.67491
63.6072	3.64802	5.73524
64.7694	3.74985	5.78953
66.0341	3.86585	5.85433
67.186	3.96651	5.90377
68.3371	4.06444	5.94763
69.6056	4.18541	6.01303
70.7547	4.29428	6.06926
71.9121	4.40579	6.12663
73.1773	4.52651	6.18567
74.3146	4.63305	6.23437
75.5518	4.74865	6.28529
76.6652	4.84927	6.32525
77.774	4.94557	6.3589
78.9798	5.0467	6.38987
80.0591	5.13062	6.40854
81.2306	5.22557	6.43301
82.2737	5.30067	6.44272
83.3017	5.37093	6.44756
84.3074	5.43144	6.44242
85.3926	5.48656	6.4251
86.3629	5.51968	6.39126
87.3172	5.54271	6.34779
88.3581	5.55988	6.29244
89.2927	5.57236	6.24055
90.3151	5.58088	6.17934
91.236	5.58472	6.12118
92.2423	5.58162	6.05104
93.1376	5.57342	5.98407
94.0264	5.54312	5.89528
94.8938	5.51795	5.81487
95.8338	5.48614	5.72464
96.6747	5.4435	5.63074
97.4969	5.40124	5.53991
98.3784	5.34376	5.43184
99.1645	5.28031	5.3248
100.003	5.19951	5.19935
100.741	5.11508	5.07743
101.453	5.01853	4.94666
102.215	4.89729	4.79115
102.893	4.77551	4.64125
103.551	4.64503	4.48577
104.249	4.48801	4.30507
104.865	4.33175	4.1308
105.461	4.16341	3.94782
106.102	3.95711	3.72954
106.668	3.75752	3.52263
107.214	3.54908	3.31027
107.795	3.3105	3.07111
108.307	3.07798	2.84191
108.804	2.83132	2.60221
109.331	2.54519	2.32797
109.79	2.27452	2.0717
110.239	1.99924	1.81355
110.715	1.69436	1.53037
111.128	1.4234	1.28086
111.564	1.14474	1.02608
111.942	0.940832	0.840462
112.307	0.836744	0.74505
112.688	0.892094	0.79165
113.015	1.08796	0.962669
113.332	1.37611	1.21422
113.667	1.75241	1.5417
113.952	2.12616	1.86585
114.225	2.52545	2.21094
114.513	2.99241	2.61317
114.763	3.43704	2.9949
115.022	3.94117	3.42646
115.248	4.42241	3.83731
115.459	4.91974	4.26102
115.675	5.47991	4.73731
115.859	6.007	5.18475
116.035	6.54411	5.63976
116.219	7.14911	6.1514
116.375	7.71145	6.62641
116.518	8.28747	7.1126
116.665	8.93317	7.65713
116.789	9.53081	8.16073
116.904	10.1385	8.67256
117.026	10.8146	9.24122
117.124	11.4377	9.76546
117.23	12.133	10.3498
117.319	12.7719	10.8864
117.412	13.4183	11.4285
117.512	14.1369	12.0302
117.605	14.7986	12.5833
117.696	15.4656	13.1403
117.784	16.198	13.7523
117.866	16.8783	14.3199
117.959	17.6363	14.9513
118.045	18.3369	15.5338
118.131	19.0423	16.1196
118.219	19.7573	16.7124
118.315	20.5547	17.3728
118.4	21.2842	17.9765
118.491	22.0999	18.6511
118.57	22.8516	19.2726
118.647	23.6157	19.9042
118.724	24.4619	20.6041
118.788	25.2428	21.2504
118.845	26.0355	21.9071
118.903	26.9178	22.6384
118.952	27.7248	23.3076
119.003	28.5459	23.9875
119.062	29.4601	24.7435
119.113	30.3046	25.442
119.161	31.1576	26.1475
119.211	32.1048	26.9311
119.254	32.9774	27.653
119.295	33.8611	28.3843
119.335	34.8482	29.2021
119.368	35.7549	29.9535
119.396	36.7696	30.7964
119.41	37.6955	31.5681
119.427	38.6407	32.3552
119.444	39.6984	33.2359
119.462	40.6731	34.0469
119.474	41.6578	34.8675
119.485	42.7551	35.7827
119.49	43.7696	36.6304
119.493	44.7945	37.4871
119.494	45.9357	38.4419
119.499	46.9862	39.3194
119.501	48.0453	40.2049
119.5	49.2198	41.1882
119.501	50.2967	42.089
119.498	51.4907	43.089
119.497	52.5894	44.009
119.495	53.6989	44.9383
119.493	54.9325	45.9713
119.495	56.0648	46.9179
119.5	57.2107	47.8751
119.501	58.4822	48.9385
119.502	59.6451	49.9114
119.503	60.8258	50.8989
119.505	62.132	51.9913
119.506	63.3346	52.9971
119.507	64.6701	54.114
119.507	65.8958	55.1397
119.508	67.1386	56.1791
119.51	68.5138	57.3291
119.512	69.7812	58.3884
119.513	71.0583	59.4565
119.514	72.4783	60.6441
119.515	73.7827	61.7352
119.515	75.0993	62.8367
119.515	76.5614	64.0598
119.516	77.9074	65.1858
119.516	79.2694	66.3252
119.519	80.7789	67.5868
119.521	82.1672	68.7468
119.525	83.7125	70.0375
119.527	85.1284	71.2211
119.527	86.5561	72.4156
119.529	88.1417	73.7411
119.53	89.5988	74.9593
119.531	91.0705	76.1898
119.531	92.7029	77.5555
119.531	94.2068	78.8134
119.532	95.7193	80.0781
119.533	97.4029	81.4864
119.532	98.9512	82.7821
119.53	100.513	84.0899
119.529	102.248	85.5429
119.528	103.841	86.8763
119.528	105.609	88.3553
119.527	107.231	89.713
119.524	108.866	91.0832
119.523	110.686	92.6063
119.522	112.353	94.0018
119.523	114.041	95.4134
119.525	115.917	96.981
119.527	117.64	98.4214
119.528	119.379	99.8748
119.531	121.312	101.49
119.531	123.079	102.968
119.532	124.869	104.465
119.531	126.852	106.124
119.532	128.671	107.646
119.537	130.694	109.334
119.538	132.553	110.888
119.539	134.428	112.456
119.546	136.517	114.197
119.558	138.423	115.779
1.25804	0	0
2.51467	0.00594539	0.236428
3.89344	0.0281789	0.723755
5.14934	0.0594597	1.15471
6.40438	0.0990104	1.54598
7.78507	0.139098	1.78673
9.04674	0.181293	2.00395
10.3058	0.220282	2.13746
11.6919	0.26705	2.28406
12.9519	0.310654	2.39853
14.3379	0.36262	2.5291
15.5973	0.411818	2.64032
16.8561	0.463362	2.74892
18.2419	0.524828	2.87704
19.4996	0.579901	2.97391
20.7566	0.639071	3.07888
22.012	0.697596	3.16916
23.3927	0.766322	3.2759
24.647	0.832123	3.37617
26.0256	0.905572	3.47954
27.2766	0.970979	3.55976
28.53	1.03489	3.62737
29.9107	1.10688	3.70063
31.1617	1.17878	3.78279
32.4091	1.2489	3.85354
33.7693	1.32495	3.92354
35.0036	1.39623	3.98881
36.2385	1.47574	4.07231
37.5928	1.56203	4.15513
38.8214	1.64291	4.23197
40.047	1.72536	4.30835
41.3901	1.81831	4.39311
42.6087	1.90539	4.47183
43.8228	1.99237	4.54642
45.159	2.08618	4.61964
46.361	2.17353	4.68827
47.5677	2.26564	4.76298
48.9044	2.37258	4.85147
50.1131	2.47164	4.93212
51.4403	2.58228	5.01995
52.6417	2.68324	5.09717
53.8386	2.78543	5.17367
55.1511	2.90234	5.26252
56.3406	3.0084	5.33967
57.5198	3.11386	5.41355
58.814	3.22817	5.48879
59.99	3.32483	5.5423
61.1602	3.4275	5.60413
62.4422	3.54354	5.67491
63.6072	3.64802	5.73524
64.7694	3.74985	5.78953
66.0341	3.86585	5.85433
67.186	3.96651	5.90377
68.3371	4.06444	5.94763
69.6056	4.18541	6.01303
70.7547	4.29428	6.06926
71.9121	4.40579	6.12663
73.1773	4.52651	6.18567
74.3146	4.63305	6.23437
75.5518	4.74865	6.28529
76.6652	4.84927	6.32525
77.774	4.94557	6.3589
78.9798	5.0467	6.38987
80.0591	5.13062	6.40854
81.2306	5.22557	6.43301
82.2737	5.30067	6.44272
83.3017	5.37093	6.44756
84.3074	5.43144	6.44242
85.3926	5.48656	6.4251
86.3629	5.51968	6.39126
87.3172	5.54271	6.34779
88.3581	5.55988	6.29244
89.2927	5.57236	6.24055
90.3151	5.58088	6.17934
91.236	5.58472	6.12118
92.2423	5.58162	6.05104
93.1376	5.57342	5.98407
94.0264	5.54312	5.89528
94.8938	5.51795	5.81487
95.8338	5.48614	5.72464
96.6747	5.4435	5.63074
97.4969	5.40124	5.53991
98.3784	5.34376	5.43184
99.1645	5.28031	5.3248
100.003	5.19951	5.19935
100.741	5.11508	5.07743
101.453	5.01853	4.94666
102.215	4.89729	4.79115
102.893	4.77551	4.64125
103.551	4.64503	4.48577
104.249	4.48801	4.30507
104.865	4.33175	4.1308
105.461	4.16341	3.94782
106.102	3.95711	3.72954
106.668	3.75752	3.52263
107.214	3.54908	3.31027
107.795	3.3105	3.07111
108.307	3.07798	2.84191
108.804	2.83132	2.60221
109.331	2.54519	2.32797
109.79	2.27452	2.0717
110.239	1.99924	1.81355
110.715	1.69436	1.53037
111.128	1.4234	1.28086
111.564	1.14474	1.02608
111.942	0.940832	0.840462
112.307	0.836744	0.74505
112.688	0.892094	0.79165
113.015	1.08796	0.962669
113.332	1.37611	1.21422
113.667	1.75241	1.5417
113.952	2.12616	1.86585
114.225	2.52545	2.21094
114.513	2.99241	2.61317
114.763	3.43704	2.9949
115.022	3.94117	3.42646
115.248	4.42241	3.83731
115.459	4.91974	4.26102
115.675	5.47991	4.73731
115.859	6.007	5.18475
116.035	6.54411	5.63976
116.219	7.14911	6.1514
116.375	7.71145	6.62641
116.518	8.28747	7.1126
116.665	8.93317	7.65713
116.789	9.53081	8.16073
116.904	10.1385	8.67256
117.026	10.8146	9.24122
117.124	11.4377	9.76546
117.23	12.133	10.3498
117.319	12.7719	10.8864
117.412	13.4183	11.4285
117.512	14.1369	12.0302
117.605	14.7986	12.5833
117.696	15.4656	13.1403
117.784	16.198	13.7523
117.866	16.8783	14.3199
117.959	17.6363	14.9513
118.045	18.3369	15.5338
118.131	19.0423	16.1196
118.219	19.7573	16.7124
118.315	20.5547	17.3728
118.4	21.2842	17.9765
118.491	22.0999	18.6511
118.57	22.8516	19.2726
118.647	23.6157	19.9042
118.724	24.4619	20.6041
118.788	25.2428	21.2504
118.845	26.0355	21.9071
118.903	26.9178	22.6384
118.952	27.7248	23.3076
119.003	28.5459	23.9875
119.062	29.4601	24.7435
119.113	30.3046	25.442
119.161	31.1576	26.1475
119.211	32.1048	26.9311
119.254	32.9774	27.653
119.295	33.8611	28.3843
119.335	34.8482	29.2021
119.368	35.7549	29.9535
119.396	36.7696	30.7964
119.41	37.6955	31.5681
119.427	38.6407	32.3552
119.444	39.6984	33.2359
119.462	40.6731	34.0469
119.474	41.6578	34.8675
119.485	42.7551	35.7827
119.49	43.7696	36.6304
119.493	44.7945	37.4871
119.494	45.9357	38.4419
119.499	46.9862	39.3194
119.501	48.0453	40.2049
119.5	49.2198	41.1882
119.501	50.2967	42.089
119.498	51.4907	43.089
119.497	52.5894	44.009
119.495	53.6989	44.9383
119.493	54.9325	45.9713
119.495	56.0648	46.9179
119.5	57.2107	47.8751
119.501	58.4822	48.9385
119.502	59.6451	49.9114
119.503	60.8258	50.8989
119.505	62.132	51.9913
119.506	63.3346	52.9971
119.507	64.6701	54.114
119.507	65.8958	55.1397
119.508	67.1386	56.1791
119.51	68.5138	57.3291
119.512	69.7812	58.3884
119.513	71.0583	59.4565
119.514	72.4783	60.6441
119.515	73.7827	61.7352
119.515	75.0993	62.8367
119.515	76.5614	64.0598
119.516	77.9074	65.1858
119.516	79.2694	66.3252
119.519	80.7789	67.5868
119.521	82.1672	68.7468
119.525	83.7125	70.0375
119.527	85.1284	71.2211
119.527	86.5561	72.4156
119.529	88.1417	73.7411
119.53	89.5988	74.9593
119.531	91.0705	76.1898
119.531	92.7029	77.5555
119.531	94.2068	78.8134
119.532	95.7193	80.0781
119.533	97.4029	81.4864
119.532	98.9512	82.7821
119.53	100.513	84.0899
119.529	102.248	85.5429
119.528	103.841	86.8763
119.528	105.609	88.3553
119.527	107.231	89.713
119.524	108.866	91.0832
119.523	110.686	92.6063
119.522	112.353	94.0018
119.523	114.041	95.4134
119.525	115.917	96.981
119.527	117.64	98.4214
119.528	119.379	99.8748
119.531	121.312	101.49
119.531	123.079	102.968
119.532	124.869	104.465
119.531	126.852	106.124
119.532	128.671	107.646
119.537	130.694	109.334
119.538	132.553	110.888
119.539	134.428	112.456
119.546	136.517	114.197
119.558	138.423	115.779
