1.65153	0.772841	46.7955
2.40971	1.49271	61.9459
3.1488	2.27019	72.097
3.93883	3.23268	82.0721
4.6396	4.23933	91.3726
5.32229	5.38296	101.14
6.05262	6.82304	112.729
6.70328	8.30973	123.965
7.33643	9.97928	136.024
8.02019	12.0391	150.109
8.63397	14.1127	163.455
9.30015	16.604	178.534
9.89827	19.0771	192.732
10.491	21.7585	207.402
11.1358	24.9422	223.982
11.7097	28.0466	239.515
12.2713	31.3498	255.473
12.8814	35.2104	273.344
13.4262	38.9358	290
14.008	43.2658	308.864
14.5346	47.4029	326.139
15.1039	52.1617	345.352
15.6255	56.6936	362.828
16.1407	61.4433	380.673
16.652	66.3943	398.717
17.212	72.0839	418.801
17.7061	77.4417	437.372
18.2465	83.5748	458.031
18.7291	89.3633	477.135
19.2025	95.3494	496.547
19.6589	101.539	516.501
20.1484	108.556	538.783
20.5798	115.157	559.567
21.0458	122.646	582.758
21.4561	129.67	604.349
21.8582	136.901	626.314
22.2983	145.063	650.555
22.6998	152.7	672.692
23.1088	160.535	694.692
23.5623	169.392	718.914
23.9848	177.65	740.678
24.4184	186.105	762.15
24.9619	196.513	787.253
25.3911	204.519	805.474
25.888	213.602	825.1
26.409	222.879	843.951
27.0107	233.315	863.788
27.5818	243.003	881.025
28.1766	252.903	897.565
28.8578	264.012	914.873
29.5035	274.316	929.775
30.1723	284.829	944.008
30.9314	296.619	958.958
31.643	307.54	971.906
32.3705	318.654	984.399
33.1986	331.073	997.249
33.972	342.608	1008.5
34.8461	355.522	1020.27
35.6593	367.478	1030.52
36.4849	379.665	1040.61
37.4099	393.224	1051.12
38.2662	405.78	1060.41
39.133	418.53	1069.51
40.0976	432.778	1079.31
40.9859	445.968	1088.1
41.888	459.298	1096.49
42.8899	474.23	1105.69
43.8116	487.994	1113.85
44.7393	501.944	1121.93
45.7664	517.501	1130.75
46.7085	531.855	1138.67
47.7536	547.9	1147.35
48.7102	562.697	1155.19
49.6733	577.68	1162.96
50.7395	594.387	1171.45
51.7141	609.767	1179.11
52.698	625.352	1186.67
53.79	642.729	1194.89
54.7916	658.744	1202.27
55.8021	674.923	1209.49
56.9237	692.95	1217.33
57.9514	709.536	1224.36
58.9882	726.297	1231.26
60.1396	744.985	1238.76
61.1944	762.145	1245.45
62.3652	781.266	1252.73
63.4407	798.858	1259.22
64.529	816.663	1265.58
65.7339	836.54	1272.62
66.8359	854.724	1278.84
67.9464	873.157	1285.07
69.1782	893.646	1291.8
70.3087	912.505	1297.86
71.4488	931.572	1303.83
72.7166	952.726	1310.19
73.8794	972.182	1315.9
75.0527	991.833	1321.52
76.3545	1013.66	1327.57
77.545	1033.72	1333.05
78.7443	1053.96	1338.46
80.0736	1076.46	1344.34
81.2896	1097.12	1349.64
82.6328	1120.09	1355.51
83.857	1141.12	1360.8
85.0826	1162.37	1366.17
86.436	1186.03	1372.15
87.6708	1207.65	1377.48
88.9047	1229.55	1383
90.261	1253.76	1389.04
91.4958	1276.02	1394.62
92.7321	1298.48	1400.25
94.0946	1323.41	1406.47
95.3353	1346.33	1412.2
96.5751	1369.37	1417.93
97.9394	1394.99	1424.34
99.1814	1418.5	1430.21
100.424	1442.22	1436.13
101.784	1468.52	1442.79
103.015	1492.58	1448.9
104.372	1519.31	1455.67
105.609	1543.81	1461.82
106.849	1568.51	1467.97
108.214	1595.94	1474.81
109.454	1620.98	1480.96
110.699	1646.26	1487.15
112.075	1674.3	1493.91
113.328	1699.99	1500.06
114.582	1725.86	1506.22
115.966	1754.56	1512.99
117.226	1780.86	1519.17
118.496	1807.34	1525.23
119.894	1836.74	1531.97
121.166	1863.59	1538.06
122.441	1890.66	1544.14
123.85	1920.66	1550.8
125.137	1948.18	1556.84
126.562	1978.71	1563.44
127.859	2006.61	1569.39
129.162	2034.73	1575.33
130.6	2065.91	1581.86
131.903	2094.43	1587.86
133.207	2123.22	1593.92
134.642	2154.98	1600.53
135.945	2184.11	1606.61
137.244	2213.42	1612.76
138.67	2245.89	1619.59
139.967	2275.62	1625.82
141.262	2305.51	1632.09
142.686	2338.65	1639.02
143.98	2368.97	1645.34
145.404	2402.55	1652.32
146.693	2433.31	1658.78
147.977	2464.18	1665.25
149.388	2498.4	1672.42
150.666	2529.71	1679.02
151.942	2561.21	1685.65
153.343	2596.11	1693.01
154.616	2628.02	1699.71
155.885	2660.16	1706.49
157.282	2695.69	1713.92
158.55	2728.27	1720.76
159.941	2764.2	1728.26
161.204	2797.16	1735.17
162.464	2830.23	1742.07
163.847	2866.85	1749.72
165.101	2900.42	1756.75
166.353	2934.08	1763.77
167.727	2971.39	1771.57
168.974	3005.46	1778.65
170.222	3039.73	1785.75
171.588	3077.71	1793.66
172.83	3112.33	1800.8
174.075	3147.2	1807.96
175.447	3185.81	1815.83
176.697	3221.1	1822.95
177.95	3256.65	1830.1
179.33	3295.8	1837.84
180.587	3331.68	1844.92
181.971	3371.37	1852.7
183.231	3407.68	1859.77
184.623	3447.84	1867.5
185.89	3484.53	1874.51
187.16	3521.46	1881.52
188.43	3558.56	1888.53
189.83	3599.58	1896.21
191.103	3637.08	1903.2
192.374	3674.73	1910.2
193.774	3716.4	1917.9
195.044	3754.47	1924.94
196.445	3796.65	1932.68
197.72	3835.04	1939.63
198.997	3873.66	1946.6
200.397	3916.38	1954.31
201.672	3955.43	1961.32
202.948	3994.72	1968.35
204.361	4038.08	1975.95
205.645	4077.7	1982.88
206.93	4117.52	1989.81
208.344	4161.53	1997.43
209.63	4201.81	2004.39
210.921	4242.17	2011.25
212.339	4286.82	2018.85
213.63	4327.66	2025.78
214.919	4368.63	2032.68
216.346	4414	2040.25
217.637	4455.45	2047.19
219.055	4501.22	2054.83
220.344	4543.02	2061.78
221.637	4585.02	2068.71
223.062	4631.46	2076.31
224.359	4673.82	2083.19
225.661	4716.41	2090.05
227.094	4763.48	2097.58
228.399	4806.44	2104.41
229.703	4849.6	2111.25
231.138	4897.28	2118.77
232.444	4940.83	2125.61
233.882	4988.99	2133.12
235.194	5033.01	2139.94
236.505	5077.08	2146.71
237.949	5125.83	2154.17
239.26	5170.34	2160.97
240.57	5215.04	2167.78
242.02	5264.54	2175.25
243.341	5309.62	2181.97
244.662	5354.93	2188.71
246.114	5404.97	2196.13
247.44	5450.7	2202.83
248.771	5496.63	2209.52
250.237	5547.29	2216.81
251.57	5593.56	2223.46
252.902	5640.02	2230.12
254.378	5691.33	2237.35
255.72	5738.17	2243.93
257.209	5789.91	2251.06
258.566	5837.12	2257.49
260.2	5894.07	2265.21
261.43	5936.95	2270.95
262.8	5984.88	2277.35
264.174	6032.77	2283.64
265.69	6085.81	2290.57
267.077	6134.18	2296.78
268.465	6182.76	2303.01
270.008	6236.44	2309.73
271.415	6285.42	2315.8
272.97	6339.54	2322.43
274.388	6388.89	2328.41
275.815	6438.5	2334.35
277.392	6493.19	2340.8
278.827	6543.13	2346.67
280.263	6593.27	2352.53
281.849	6648.66	2358.94
283.297	6699.24	2364.74
284.755	6749.96	2370.45
286.362	6805.95	2376.69
287.829	6857.04	2382.33
289.297	6908.36	2387.99
290.914	6965.09	2394.21
292.388	7016.63	2399.77
293.857	7068.46	2405.41
295.474	7125.68	2411.61
296.943	7177.9	2417.26
298.559	7235.6	2423.51
300.028	7288.21	2429.18
301.5	7341.03	2434.84
303.113	7399.32	2441.11
304.576	7452.45	2446.83
306.034	7505.95	2452.65
307.634	7564.73	2459
309.087	7618.45	2464.83
310.54	7672.4	2470.66
312.135	7732.05	2477.15
313.583	7786.31	2483.02
315.027	7840.72	2488.91
316.614	7900.81	2495.41
318.051	7955.64	2501.37
319.632	8016.21	2507.95
321.063	8071.32	2513.93
322.495	8126.67	2519.94
324.067	8187.77	2526.57
325.495	8243.51	2532.61
326.921	8299.55	2538.7
328.485	8361.09	2545.35
329.906	8417.34	2551.44
331.324	8473.77	2557.55
332.885	8536.07	2564.27
334.298	8592.93	2570.44
335.711	8649.87	2576.58
337.264	8712.75	2583.36
338.674	8770.14	2589.55
340.082	8827.63	2595.73
341.628	8891.13	2602.57
343.032	8949.02	2608.8
344.435	9007.03	2615.01
345.978	9071.12	2621.88
347.379	9129.55	2628.12
348.781	9188.23	2634.39
350.322	9252.81	2641.23
351.724	9311.78	2647.47
353.265	9376.91	2654.35
354.667	9436.21	2660.58
356.068	9495.69	2666.82
357.61	9561.36	2673.68
359.013	9621.25	2679.92
360.417	9681.32	2686.14
361.964	9747.65	2692.99
363.373	9807.97	2699.15
364.781	9868.56	2705.34
366.334	9935.41	2712.12
367.749	9996.42	2718.27
369.165	10057.6	2724.43
370.727	10124.9	2731.1
1.65153	0.772802	46.7932
2.40971	1.49255	61.9391
3.1488	2.26978	72.0839
3.93883	3.23184	82.0507
4.6396	4.23795	91.3428
5.32229	5.38087	101.101
6.05262	6.81994	112.678
6.70328	8.30549	123.902
7.33643	9.97368	135.947
8.02019	12.0317	150.018
8.63397	14.1033	163.347
9.30015	16.592	178.405
9.89827	19.0621	192.58
10.491	21.7399	207.224
11.1358	24.919	223.773
11.7097	28.0187	239.277
12.2713	31.3167	255.203
12.8814	35.171	273.037
13.4262	38.89	289.658
14.008	43.2123	308.482
14.5346	47.3418	325.719
15.1039	52.0915	344.888
15.6255	56.6143	362.321
16.1407	61.3541	380.12
16.652	66.2942	398.115
17.212	71.9707	418.144
17.7061	77.3159	436.662
18.2465	83.434	457.259
18.7291	89.2079	476.306
19.2025	95.1784	495.657
19.6589	101.351	515.548
20.1484	108.35	537.757
20.5798	114.932	558.472
21.0458	122.399	581.586
21.4561	129.403	603.104
21.8582	136.612	624.992
22.2983	144.749	649.149
22.6998	152.363	671.21
23.1088	160.175	693.132
23.5623	169.005	717.268
23.9848	177.237	738.955
24.4184	185.666	760.351
24.9619	196.042	785.364
25.3911	204.023	803.52
25.888	213.078	823.076
26.409	222.327	841.859
27.0107	232.731	861.625
27.5818	242.389	878.801
28.1766	252.26	895.283
28.8578	263.336	912.53
29.5035	273.609	927.379
30.1723	284.091	941.562
30.9314	295.846	956.46
31.643	306.735	969.364
32.3705	317.818	981.815
33.1986	330.201	994.623
33.972	341.704	1005.84
34.8461	354.581	1017.57
35.6593	366.503	1027.79
36.4849	378.658	1037.85
37.4099	392.179	1048.33
38.2662	404.702	1057.6
39.133	417.418	1066.67
40.0976	431.63	1076.45
40.9859	444.787	1085.22
41.888	458.083	1093.59
42.8899	472.979	1102.78
43.8116	486.71	1110.92
44.7393	500.627	1118.99
45.7664	516.149	1127.79
46.7085	530.469	1135.7
47.7536	546.479	1144.37
48.7102	561.243	1152.21
49.6733	576.194	1159.97
50.7395	592.865	1168.45
51.7141	608.212	1176.1
52.698	623.764	1183.66
53.79	641.105	1191.87
54.7916	657.087	1199.25
55.8021	673.232	1206.46
56.9237	691.222	1214.3
57.9514	707.774	1221.32
58.9882	724.502	1228.22
60.1396	743.152	1235.71
61.1944	760.278	1242.4
62.3652	779.362	1249.67
63.4407	796.921	1256.17
64.529	814.693	1262.52
65.7339	834.533	1269.56
66.8359	852.683	1275.79
67.9464	871.082	1282.01
69.1782	891.534	1288.75
70.3087	910.36	1294.8
71.4488	929.392	1300.78
72.7166	950.509	1307.14
73.8794	969.93	1312.86
75.0527	989.548	1318.47
76.3545	1011.34	1324.53
77.545	1031.36	1330.01
78.7443	1051.57	1335.42
80.0736	1074.03	1341.31
81.2896	1094.65	1346.61
82.6328	1117.59	1352.48
83.857	1138.59	1357.78
85.0826	1159.8	1363.15
86.436	1183.43	1369.14
87.6708	1205.02	1374.48
88.9047	1226.89	1380.01
90.261	1251.07	1386.06
91.4958	1273.3	1391.65
92.7321	1295.73	1397.29
94.0946	1320.64	1403.52
95.3353	1343.53	1409.27
96.5751	1366.55	1415.02
97.9394	1392.15	1421.44
99.1814	1415.64	1427.33
100.424	1439.34	1433.26
101.784	1465.63	1439.94
103.015	1489.67	1446.07
104.372	1516.39	1452.87
105.609	1540.87	1459.04
106.849	1565.57	1465.22
108.214	1592.99	1472.08
109.454	1618.01	1478.25
110.699	1643.29	1484.46
112.075	1671.32	1491.26
113.328	1697	1497.43
114.582	1722.87	1503.61
115.966	1751.58	1510.42
117.226	1777.88	1516.62
118.496	1804.35	1522.71
119.894	1833.76	1529.48
121.166	1860.62	1535.6
122.441	1887.69	1541.71
123.85	1917.7	1548.41
125.137	1945.22	1554.47
126.562	1975.77	1561.11
127.859	2003.67	1567.09
129.162	2031.8	1573.06
130.6	2063	1579.63
131.903	2091.54	1585.67
133.207	2120.34	1591.76
134.642	2152.12	1598.4
135.945	2181.27	1604.52
137.244	2210.6	1610.71
138.67	2243.11	1617.58
139.967	2272.86	1623.86
141.262	2302.79	1630.16
142.686	2335.97	1637.14
143.98	2366.32	1643.51
145.404	2399.95	1650.54
146.693	2430.76	1657.04
147.977	2461.68	1663.56
149.388	2495.95	1670.79
150.666	2527.32	1677.44
151.942	2558.89	1684.12
153.343	2593.86	1691.54
154.616	2625.84	1698.3
155.885	2658.05	1705.14
157.282	2693.67	1712.64
158.55	2726.33	1719.54
159.941	2762.36	1727.11
161.204	2795.42	1734.09
162.464	2828.58	1741.06
163.847	2865.32	1748.78
165.101	2898.99	1755.89
166.353	2932.76	1762.97
167.727	2970.2	1770.86
168.974	3004.39	1778.02
170.222	3038.78	1785.19
171.588	3076.9	1793.18
172.83	3111.64	1800.41
174.075	3146.65	1807.64
175.447	3185.42	1815.61
176.697	3220.85	1822.81
177.95	3256.55	1830.04
179.33	3295.86	1837.87
180.587	3331.9	1845.04
181.971	3371.76	1852.91
183.231	3408.24	1860.07
184.623	3448.58	1867.9
185.89	3485.44	1875
187.16	3522.55	1882.1
188.43	3559.83	1889.21
189.83	3601.06	1896.99
191.103	3638.75	1904.08
192.374	3676.6	1911.17
193.774	3718.5	1918.98
195.044	3756.78	1926.12
196.445	3799.2	1933.98
197.72	3837.81	1941.03
198.997	3876.66	1948.1
200.397	3919.64	1955.93
201.672	3958.93	1963.05
202.948	3998.46	1970.2
204.361	4042.1	1977.92
205.645	4081.99	1984.97
206.93	4122.08	1992.02
208.344	4166.39	1999.76
209.63	4206.95	2006.85
210.921	4247.59	2013.83
212.339	4292.57	2021.56
213.63	4333.72	2028.61
214.919	4375	2035.65
216.346	4420.72	2043.36
217.637	4462.49	2050.43
219.055	4508.62	2058.21
220.344	4550.77	2065.3
221.637	4593.11	2072.36
223.062	4639.94	2080.11
224.359	4682.66	2087.13
225.661	4725.62	2094.13
227.094	4773.1	2101.81
228.399	4816.44	2108.79
229.703	4860	2115.78
231.138	4908.11	2123.45
232.444	4952.07	2130.44
233.882	5000.68	2138.12
235.194	5045.13	2145.09
236.505	5089.62	2152.01
237.949	5138.85	2159.64
239.26	5183.8	2166.59
240.57	5228.96	2173.57
242.02	5278.97	2181.21
243.341	5324.53	2188.09
244.662	5370.31	2194.99
246.114	5420.9	2202.6
247.44	5467.12	2209.47
248.771	5513.56	2216.32
250.237	5564.78	2223.8
251.57	5611.57	2230.62
252.902	5658.57	2237.45
254.378	5710.46	2244.87
255.72	5757.85	2251.62
257.209	5810.2	2258.94
258.566	5857.97	2265.56
260.2	5915.61	2273.49
261.43	5959.01	2279.39
262.8	6007.54	2285.98
264.174	6056.03	2292.44
265.69	6109.73	2299.57
267.077	6158.72	2305.97
268.465	6207.93	2312.38
270.008	6262.31	2319.31
271.415	6311.94	2325.57
272.97	6366.78	2332.41
274.388	6416.79	2338.58
275.815	6467.08	2344.71
277.392	6522.52	2351.38
278.827	6573.16	2357.44
280.263	6624.02	2363.5
281.849	6680.2	2370.13
283.297	6731.51	2376.13
284.755	6782.98	2382.04
286.362	6839.8	2388.51
287.829	6891.66	2394.36
289.297	6943.76	2400.22
290.914	7001.36	2406.67
292.388	7053.7	2412.44
293.857	7106.35	2418.3
295.474	7164.48	2424.74
296.943	7217.55	2430.62
298.559	7276.2	2437.11
300.028	7329.69	2443
301.5	7383.41	2448.89
303.113	7442.71	2455.42
304.576	7496.77	2461.38
306.034	7551.21	2467.44
307.634	7611.06	2474.06
309.087	7665.77	2480.13
310.54	7720.72	2486.22
312.135	7781.5	2492.99
313.583	7836.8	2499.12
315.027	7892.28	2505.27
316.614	7953.55	2512.06
318.051	8009.48	2518.3
319.632	8071.28	2525.18
321.063	8127.53	2531.44
322.495	8184.03	2537.72
324.067	8246.43	2544.67
325.495	8303.36	2550.99
326.921	8360.62	2557.38
328.485	8423.52	2564.36
329.906	8481.03	2570.74
331.324	8538.73	2577.15
332.885	8602.46	2584.22
334.298	8660.65	2590.7
335.711	8718.94	2597.16
337.264	8783.32	2604.29
338.674	8842.1	2610.8
340.082	8901	2617.31
341.628	8966.08	2624.51
343.032	9025.43	2631.07
344.435	9084.92	2637.63
345.978	9150.67	2644.87
347.379	9210.63	2651.46
348.781	9270.85	2658.07
350.322	9337.16	2665.31
351.724	9397.73	2671.9
353.265	9464.64	2679.19
354.667	9525.58	2685.78
356.068	9586.72	2692.38
357.61	9654.25	2699.66
359.013	9715.85	2706.27
360.417	9777.66	2712.87
361.964	9845.92	2720.13
363.373	9908.02	2726.68
364.781	9970.41	2733.26
366.334	10039.3	2740.47
367.749	10102.1	2747.02
369.165	10165.2	2753.57
370.727	10234.5	2760.67
1.65153	0.772841	46.7955
2.40971	1.49271	61.9459
3.1488	2.27019	72.097
3.93883	3.23268	82.0721
4.6396	4.23933	91.3726
5.32229	5.38296	101.14
6.05262	6.82304	112.729
6.70328	8.30973	123.965
7.33643	9.97928	136.024
8.02019	12.0391	150.109
8.63397	14.1127	163.455
9.30015	16.604	178.534
9.89827	19.0771	192.732
10.491	21.7585	207.402
11.1358	24.9422	223.982
11.7097	28.0466	239.515
12.2713	31.3498	255.473
12.8814	35.2104	273.344
13.4262	38.9358	290
14.008	43.2658	308.864
14.5346	47.4029	326.139
15.1039	52.1617	345.352
15.6255	56.6936	362.828
16.1407	61.4433	380.673
16.652	66.3943	398.717
17.212	72.0839	418.801
17.7061	77.4417	437.372
18.2465	83.5748	458.031
18.7291	89.3633	477.135
19.2025	95.3494	496.547
19.6589	101.539	516.501
20.1484	108.556	538.783
20.5798	115.157	559.567
21.0458	122.646	582.758
21.4561	129.67	604.349
21.8582	136.901	626.314
22.2983	145.063	650.555
22.6998	152.7	672.692
23.1088	160.535	694.692
23.5623	169.392	718.914
23.9848	177.65	740.678
24.4184	186.105	762.15
24.9619	196.513	787.253
25.3911	204.519	805.474
25.888	213.602	825.1
26.409	222.879	843.951
27.0107	233.315	863.788
27.5818	243.003	881.025
28.1766	252.903	897.565
28.8578	264.012	914.873
29.5035	274.316	929.775
30.1723	284.829	944.008
30.9314	296.619	958.958
31.643	307.54	971.906
32.3705	318.654	984.399
33.1986	331.073	997.249
33.972	342.608	1008.5
34.8461	355.522	1020.27
35.6593	367.478	1030.52
36.4849	379.665	1040.61
37.4099	393.224	1051.12
38.2662	405.78	1060.41
39.133	418.53	1069.51
40.0976	432.778	1079.31
40.9859	445.968	1088.1
41.888	459.298	1096.49
42.8899	474.23	1105.69
43.8116	487.994	1113.85
44.7393	501.944	1121.93
45.7664	517.501	1130.75
46.7085	531.855	1138.67
47.7536	547.9	1147.35
48.7102	562.697	1155.19
49.6733	577.68	1162.96
50.7395	594.387	1171.45
51.7141	609.767	1179.11
52.698	625.352	1186.67
53.79	642.729	1194.89
54.7916	658.744	1202.27
55.8021	674.923	1209.49
56.9237	692.95	1217.33
57.9514	709.536	1224.36
58.9882	726.297	1231.26
60.1396	744.985	1238.76
61.1944	762.145	1245.45
62.3652	781.266	1252.73
63.4407	798.858	1259.22
64.529	816.663	1265.58
65.7339	836.54	1272.62
66.8359	854.724	1278.84
67.9464	873.157	1285.07
69.1782	893.646	1291.8
70.3087	912.505	1297.86
71.4488	931.572	1303.83
72.7166	952.726	1310.19
73.8794	972.182	1315.9
75.0527	991.833	1321.52
76.3545	1013.66	1327.57
77.545	1033.72	1333.05
78.7443	1053.96	1338.46
80.0736	1076.46	1344.34
81.2896	1097.12	1349.64
82.6328	1120.09	1355.51
83.857	1141.12	1360.8
85.0826	1162.37	1366.17
86.436	1186.03	1372.15
87.6708	1207.65	1377.48
88.9047	1229.55	1383
90.261	1253.76	1389.04
91.4958	1276.02	1394.62
92.7321	1298.48	1400.25
94.0946	1323.41	1406.47
95.3353	1346.33	1412.2
96.5751	1369.37	1417.93
97.9394	1394.99	1424.34
99.1814	1418.5	1430.21
100.424	1442.22	1436.13
101.784	1468.52	1442.79
103.015	1492.58	1448.9
104.372	1519.31	1455.67
105.609	1543.81	1461.82
106.849	1568.51	1467.97
108.214	1595.94	1474.81
109.454	1620.98	1480.96
110.699	1646.26	1487.15
112.075	1674.3	1493.91
113.328	1699.99	1500.06
114.582	1725.86	1506.22
115.966	1754.56	1512.99
117.226	1780.86	1519.17
118.496	1807.34	1525.23
119.894	1836.74	1531.97
121.166	1863.59	1538.06
122.441	1890.66	1544.14
123.85	1920.66	1550.8
125.137	1948.18	1556.84
126.562	1978.71	1563.44
127.859	2006.61	1569.39
129.162	2034.73	1575.33
130.6	2065.91	1581.86
131.903	2094.43	1587.86
133.207	2123.22	1593.92
134.642	2154.98	1600.53
135.945	2184.11	1606.61
137.244	2213.42	1612.76
138.67	2245.89	1619.59
139.967	2275.62	1625.82
141.262	2305.51	1632.09
142.686	2338.65	1639.02
143.98	2368.97	1645.34
145.404	2402.55	1652.32
146.693	2433.31	1658.78
147.977	2464.18	1665.25
149.388	2498.4	1672.42
150.666	2529.71	1679.02
151.942	2561.21	1685.65
153.343	2596.11	1693.01
154.616	2628.02	1699.71
155.885	2660.16	1706.49
157.282	2695.69	1713.92
158.55	2728.27	1720.76
159.941	2764.2	1728.26
161.204	2797.16	1735.17
162.464	2830.23	1742.07
163.847	2866.85	1749.72
165.101	2900.42	1756.75
166.353	2934.08	1763.77
167.727	2971.39	1771.57
168.974	3005.46	1778.65
170.222	3039.73	1785.75
171.588	3077.71	1793.66
172.83	3112.33	1800.8
174.075	3147.2	1807.96
175.447	3185.81	1815.83
176.697	3221.1	1822.95
177.95	3256.65	1830.1
179.33	3295.8	1837.84
180.587	3331.68	1844.92
181.971	3371.37	1852.7
183.231	3407.68	1859.77
184.623	3447.84	1867.5
185.89	3484.53	1874.51
187.16	3521.46	1881.52
188.43	3558.56	1888.53
189.83	3599.58	1896.21
191.103	3637.08	1903.2
192.374	3674.73	1910.2
193.774	3716.4	1917.9
195.044	3754.47	1924.94
196.445	3796.65	1932.68
197.72	3835.04	1939.63
198.997	3873.66	1946.6
200.397	3916.38	1954.31
201.672	3955.43	1961.32
202.948	3994.72	1968.35
204.361	4038.08	1975.95
205.645	4077.7	1982.88
206.93	4117.52	1989.81
208.344	4161.53	1997.43
209.63	4201.81	2004.39
210.921	4242.17	2011.25
212.339	4286.82	2018.85
213.63	4327.66	2025.78
214.919	4368.63	2032.68
216.346	4414	2040.25
217.637	4455.45	2047.19
219.055	4501.22	2054.83
220.344	4543.02	2061.78
221.637	4585.02	2068.71
223.062	4631.46	2076.31
224.359	4673.82	2083.19
225.661	4716.41	2090.05
227.094	4763.48	2097.58
228.399	4806.44	2104.41
229.703	4849.6	2111.25
231.138	4897.28	2118.77
232.444	4940.83	2125.61
233.882	4988.99	2133.12
235.194	5033.01	2139.94
236.505	5077.08	2146.71
237.949	5125.83	2154.17
239.26	5170.34	2160.97
240.57	5215.04	2167.78
242.02	5264.54	2175.25
243.341	5309.62	2181.97
244.662	5354.93	2188.71
246.114	5404.97	2196.13
247.44	5450.7	2202.83
248.771	5496.63	2209.52
250.237	5547.29	2216.81
251.57	5593.56	2223.46
252.902	5640.02	2230.12
254.378	5691.33	2237.35
255.72	5738.17	2243.93
257.209	5789.91	2251.06
258.566	5837.12	2257.49
260.2	5894.07	2265.21
261.43	5936.95	2270.95
262.8	5984.88	2277.35
264.174	6032.77	2283.64
265.69	6085.81	2290.57
267.077	6134.18	2296.78
268.465	6182.76	2303.01
270.008	6236.44	2309.73
271.415	6285.42	2315.8
272.97	6339.54	2322.43
274.388	6388.89	2328.41
275.815	6438.5	2334.35
277.392	6493.19	2340.8
278.827	6543.13	2346.67
280.263	6593.27	2352.53
281.849	6648.66	2358.94
283.297	6699.24	2364.74
284.755	6749.96	2370.45
286.362	6805.95	2376.69
287.829	6857.04	2382.33
289.297	6908.36	2387.99
290.914	6965.09	2394.21
292.388	7016.63	2399.77
293.857	7068.46	2405.41
295.474	7125.68	2411.61
296.943	7177.9	2417.26
298.559	7235.6	2423.51
300.028	7288.21	2429.18
301.5	7341.03	2434.84
303.113	7399.32	2441.11
304.576	7452.45	2446.83
306.034	7505.95	2452.65
307.634	7564.73	2459
309.087	7618.45	2464.83
310.54	7672.4	2470.66
312.135	7732.05	2477.15
313.583	7786.31	2483.02
315.027	7840.72	2488.91
316.614	7900.81	2495.41
318.051	7955.64	2501.37
319.632	8016.21	2507.95
321.063	8071.32	2513.93
322.495	8126.67	2519.94
324.067	8187.77	2526.57
325.495	8243.51	2532.61
326.921	8299.55	2538.7
328.485	8361.09	2545.35
329.906	8417.34	2551.44
331.324	8473.77	2557.55
332.885	8536.07	2564.27
334.298	8592.93	2570.44
335.711	8649.87	2576.58
337.264	8712.75	2583.36
338.674	8770.14	2589.55
340.082	8827.63	2595.73
341.628	8891.13	2602.57
343.032	8949.02	2608.8
344.435	9007.03	2615.01
345.978	9071.12	2621.88
347.379	9129.55	2628.12
348.781	9188.23	2634.39
350.322	9252.81	2641.23
351.724	9311.78	2647.47
353.265	9376.91	2654.35
354.667	9436.21	2660.58
356.068	9495.69	2666.82
357.61	9561.36	2673.68
359.013	9621.25	2679.92
360.417	9681.32	2686.14
361.964	9747.65	2692.99
363.373	9807.97	2699.15
364.781	9868.56	2705.34
366.334	9935.41	2712.12
367.749	9996.42	2718.27
369.165	10057.6	2724.43
370.727	10124.9	2731.1
1.65153	0.772841	46.7955
2.40971	1.49271	61.9459
3.1488	2.27019	72.097
3.93883	3.23268	82.0721
4.6396	5.13872	110.758
5.32229	6.19251	116.351
6.05262	7.53619	124.511
6.70328	8.9415	133.39
7.33643	10.8855	148.376
8.02019	12.8684	160.45
8.63397	14.8789	172.33
9.30015	17.308	186.104
9.89827	20.9722	211.878
10.491	23.5726	224.694
11.1358	26.6746	239.539
11.7097	29.7102	253.722
12.2713	33.0065	268.973
12.8814	36.7826	285.549
13.4262	40.4375	301.184
14.008	44.6955	319.07
14.5346	48.5328	333.913
15.1039	53.2353	352.461
15.6255	57.7206	369.401
16.1407	62.4266	386.764
16.652	69.9721	420.202
17.212	75.6019	439.241
17.7061	80.9081	456.95
18.2465	86.9874	476.733
18.7291	92.5674	494.243
19.2025	98.4994	512.951
19.6589	104.636	532.258
20.1484	111.598	553.882
20.5798	118.579	576.192
21.0458	126.009	598.735
21.4561	132.981	619.779
21.8582	140.161	641.23
22.2983	148.364	665.359
22.6998	155.949	687.009
23.1088	163.737	708.546
23.5623	172.544	732.288
23.9848	180.831	753.94
24.4184	189.24	774.99
24.9619	199.598	799.611
25.3911	207.569	817.487
25.888	217.612	840.592
26.409	226.856	859.009
27.0107	237.258	878.384
27.5818	246.917	895.216
28.1766	256.584	910.629
28.8578	267.667	927.537
29.5035	277.948	942.087
30.1723	288.441	955.979
30.9314	300.451	971.346
31.643	311.353	983.956
32.3705	322.449	996.122
33.1986	334.85	1008.63
33.972	345.688	1017.57
34.8461	358.585	1029.05
35.6593	370.526	1039.07
36.4849	382.701	1048.93
37.4099	396.252	1059.22
38.2662	408.793	1068.29
39.133	421.53	1077.17
40.0976	435.765	1086.76
40.9859	449.554	1096.85
41.888	462.873	1105.02
42.8899	477.794	1114
43.8116	491.549	1121.96
44.7393	504.355	1127.32
45.7664	519.902	1135.99
46.7085	534.247	1143.79
47.7536	550.284	1152.34
48.7102	564.242	1158.37
49.6733	579.218	1166.05
50.7395	595.916	1174.46
51.7141	611.29	1182.06
52.698	627.669	1191.07
53.79	645.04	1199.18
54.7916	661.049	1206.48
55.8021	677.222	1213.61
56.9237	695.265	1221.4
57.9514	711.846	1228.35
58.9882	728.603	1235.17
60.1396	747.286	1242.59
61.1944	764.882	1249.92
62.3652	783.999	1257.11
63.4407	801.588	1263.52
64.529	819.391	1269.8
65.7339	838.499	1275.6
66.8359	856.681	1281.77
67.9464	875.112	1287.95
69.1782	895.6	1294.63
70.3087	915.27	1301.79
71.4488	934.336	1307.7
72.7166	955.489	1313.99
73.8794	974.946	1319.65
75.0527	995.105	1325.87
76.3545	1016.93	1331.86
77.545	1036.99	1337.28
78.7443	1057.23	1342.62
80.0736	1080.02	1348.78
81.2896	1100.67	1354.02
82.6328	1123.65	1359.81
83.857	1144.68	1365.04
85.0826	1164.9	1369.14
86.436	1188.56	1375.08
87.6708	1210.18	1380.37
88.9047	1232.09	1385.86
90.261	1256.77	1392.37
91.4958	1279.03	1397.91
92.7321	1301.49	1403.49
94.0946	1326.42	1409.67
95.3353	1349.89	1415.94
96.5751	1372.93	1421.62
97.9394	1398.55	1427.98
99.1814	1422.07	1433.81
100.424	1446.2	1440.1
101.784	1472.51	1446.71
103.015	1496.58	1452.77
104.372	1523.31	1459.5
105.609	1548.87	1466.61
106.849	1573.57	1472.71
108.214	1601.01	1479.49
109.454	1626.05	1485.6
110.699	1651.54	1491.91
112.075	1679.58	1498.62
113.328	1705.27	1504.73
114.582	1731.15	1510.83
115.966	1759.69	1517.42
117.226	1786	1523.55
118.496	1812.48	1529.57
119.894	1841.89	1536.27
121.166	1868.33	1541.96
122.441	1895.4	1548.01
123.85	1925.41	1554.63
125.137	1952.93	1560.63
126.562	1983.8	1567.45
127.859	2011.7	1573.37
129.162	2039.82	1579.27
130.6	2071.01	1585.77
131.903	2099.22	1591.49
133.207	2128.01	1597.52
134.642	2159.78	1604.09
135.945	2188.92	1610.15
137.244	2217.62	1615.82
138.67	2250.1	1622.63
139.967	2279.84	1628.84
141.262	2309.74	1635.08
142.686	2342.9	1642
143.98	2373.22	1648.3
145.404	2406.81	1655.26
146.693	2437.58	1661.69
147.977	2468.13	1667.92
149.388	2502.35	1675.07
150.666	2533.67	1681.65
151.942	2565.18	1688.27
153.343	2600.37	1695.79
154.616	2632.29	1702.47
155.885	2664.43	1709.23
157.282	2699.97	1716.64
158.55	2732.71	1723.57
159.941	2768.65	1731.04
161.204	2801.62	1737.94
162.464	2834.7	1744.82
163.847	2871.74	1752.7
165.101	2905.32	1759.72
166.353	2938.99	1766.72
167.727	2976.31	1774.5
168.974	3010.14	1781.42
170.222	3044.41	1788.5
171.588	3082.4	1796.39
172.83	3117.03	1803.52
174.075	3151.66	1810.52
175.447	3190.28	1818.38
176.697	3225.58	1825.49
177.95	3261.14	1832.62
179.33	3300.18	1840.28
180.587	3336.07	1847.35
181.971	3375.77	1855.12
183.231	3412.09	1862.18
184.623	3452.88	1870.23
185.89	3489.58	1877.22
187.16	3526.52	1884.22
188.43	3563.63	1891.22
189.83	3603.9	1898.49
191.103	3641.41	1905.47
192.374	3679.07	1912.45
193.774	3720.75	1920.15
195.044	3758.31	1926.91
196.445	3800.5	1934.64
197.72	3838.89	1941.58
198.997	3877.53	1948.54
200.397	3920.43	1956.33
201.672	3959.49	1963.33
202.948	3998.79	1970.35
204.361	4042.16	1977.95
205.645	4081.54	1984.75
206.93	4121.37	1991.67
208.344	4165.39	1999.28
209.63	4205.68	2006.24
210.921	4245.37	2012.77
212.339	4290.03	2020.36
213.63	4330.89	2027.29
214.919	4371.86	2034.19
216.346	4417.65	2041.94
217.637	4459.1	2048.87
219.055	4504.88	2056.51
220.344	4546.7	2063.45
221.637	4590.18	2071.04
223.062	4636.63	2078.63
224.359	4679	2085.5
225.661	4721.6	2092.35
227.094	4769.24	2100.11
228.399	4812.22	2106.93
229.703	4855.39	2113.77
231.138	4903.08	2121.28
232.444	4946.21	2127.92
233.882	4994.38	2135.43
235.194	5038.42	2142.24
236.505	5082.5	2149
237.949	5131.51	2156.56
239.26	5176.03	2163.35
240.57	5220.74	2170.15
242.02	5270.26	2177.61
243.341	5314.85	2184.12
244.662	5360.17	2190.85
246.114	5410.23	2198.26
247.44	5455.97	2204.96
248.771	5502.67	2211.94
250.237	5553.34	2219.23
251.57	5599.62	2225.87
252.902	5646.1	2232.52
254.378	5697.97	2239.96
255.72	5744.83	2246.53
257.209	5796.59	2253.65
258.566	5843.8	2260.08
260.2	5901.46	2268.05
261.43	5944.35	2273.79
262.8	5992.3	2280.18
264.174	6040.21	2286.45
265.69	6093.68	2293.53
267.077	6142.07	2299.73
268.465	6190.67	2305.95
270.008	6244.36	2312.66
271.415	6293.68	2318.84
272.97	6347.82	2325.46
274.388	6397.18	2331.43
275.815	6446.8	2337.36
277.392	6501.69	2343.87
278.827	6551.65	2349.72
280.263	6601.81	2355.58
281.849	6657.21	2361.98
283.297	6707.97	2367.82
284.755	6758.71	2373.52
286.362	6814.72	2379.76
287.829	6865.82	2385.38
289.297	6917.34	2391.09
290.914	6974.09	2397.3
292.388	7025.64	2402.85
293.857	7077.49	2408.48
295.474	7135.38	2414.89
296.943	7187.62	2420.54
298.559	7245.34	2426.77
300.028	7297.96	2432.42
301.5	7351.11	2438.18
303.113	7409.42	2444.44
304.576	7462.56	2450.15
306.034	7516.08	2455.96
307.634	7574.78	2462.27
309.087	7628.51	2468.08
310.54	7682.47	2473.91
312.135	7742.14	2480.38
313.583	7796.01	2486.11
315.027	7850.44	2491.99
316.614	7910.54	2498.48
318.051	7965.39	2504.43
319.632	8026.3	2511.11
321.063	8081.43	2517.08
322.495	8136.79	2523.07
324.067	8197.91	2529.7
325.495	8254.27	2535.91
326.921	8310.32	2542
328.485	8371.88	2548.64
329.906	8428.15	2554.72
331.324	8484.66	2560.83
332.885	8546.98	2567.55
334.298	8603.86	2573.71
335.711	8660.81	2579.84
337.264	8724.43	2586.82
338.674	8781.83	2593
340.082	8839.34	2599.18
341.628	8902.85	2606.01
343.032	8960.55	2612.16
344.435	9018.58	2618.37
345.978	9082.69	2625.22
347.379	9141.14	2631.46
348.781	9199.37	2637.58
350.322	9263.97	2644.41
351.724	9322.95	2650.65
353.265	9388.1	2657.52
354.667	9447.64	2663.81
356.068	9507.14	2670.03
357.61	9572.83	2676.89
359.013	9632.74	2683.12
360.417	9693.16	2689.43
361.964	9759.51	2696.26
363.373	9819.85	2702.42
364.781	9880.46	2708.6
366.334	9946.94	2715.27
367.749	10008	2721.41
369.165	10069.2	2727.56
370.727	10137.1	2734.4
1.65153	0.772841	46.7955
2.40971	1.49271	61.9459
3.1488	2.27019	72.097
3.93883	3.23268	82.0721
4.6396	5.13872	110.758
5.32229	6.19251	116.351
6.05262	7.53619	124.511
6.70328	8.9415	133.39
7.33643	10.8855	148.376
8.02019	12.8684	160.45
8.63397	14.8789	172.33
9.30015	17.308	186.104
9.89827	20.9722	211.878
10.491	23.5726	224.694
11.1358	26.6746	239.539
11.7097	29.7102	253.722
12.2713	33.0065	268.973
12.8814	36.7826	285.549
13.4262	40.4375	301.184
14.008	44.6955	319.07
14.5346	48.5328	333.913
15.1039	53.2353	352.461
15.6255	57.7206	369.401
16.1407	62.4266	386.764
16.652	69.9721	420.202
17.212	75.6019	439.241
17.7061	80.9081	456.95
18.2465	86.9874	476.733
18.7291	92.5674	494.243
19.2025	98.4994	512.951
19.6589	104.636	532.258
20.1484	111.598	553.882
20.5798	118.579	576.192
21.0458	126.009	598.735
21.4561	132.981	619.779
21.8582	140.161	641.23
22.2983	148.364	665.359
22.6998	155.949	687.009
23.1088	163.737	708.546
23.5623	172.544	732.288
23.9848	180.831	753.94
24.4184	189.24	774.99
24.9619	199.598	799.611
25.3911	207.569	817.487
25.888	217.612	840.592
26.409	226.856	859.009
27.0107	237.258	878.384
27.5818	246.917	895.216
28.1766	256.584	910.629
28.8578	267.667	927.537
29.5035	277.948	942.087
30.1723	288.441	955.979
30.9314	300.451	971.346
31.643	311.353	983.956
32.3705	322.449	996.122
33.1986	334.85	1008.63
33.972	345.688	1017.57
34.8461	358.585	1029.05
35.6593	370.526	1039.07
36.4849	382.701	1048.93
37.4099	396.252	1059.22
38.2662	408.793	1068.29
39.133	421.53	1077.17
40.0976	435.765	1086.76
40.9859	449.554	1096.85
41.888	462.873	1105.02
42.8899	477.794	1114
43.8116	491.549	1121.96
44.7393	504.355	1127.32
45.7664	519.902	1135.99
46.7085	534.247	1143.79
47.7536	550.284	1152.34
48.7102	564.242	1158.37
49.6733	579.218	1166.05
50.7395	595.916	1174.46
51.7141	611.29	1182.06
52.698	627.669	1191.07
53.79	645.04	1199.18
54.7916	661.049	1206.48
55.8021	677.222	1213.61
56.9237	695.265	1221.4
57.9514	711.846	1228.35
58.9882	728.603	1235.17
60.1396	747.286	1242.59
61.1944	764.882	1249.92
62.3652	783.999	1257.11
63.4407	801.588	1263.52
64.529	819.391	1269.8
65.7339	838.499	1275.6
66.8359	856.681	1281.77
67.9464	875.112	1287.95
69.1782	895.6	1294.63
70.3087	915.27	1301.79
71.4488	934.336	1307.7
72.7166	955.489	1313.99
73.8794	974.946	1319.65
75.0527	995.105	1325.87
76.3545	1016.93	1331.86
77.545	1036.99	1337.28
78.7443	1057.23	1342.62
80.0736	1080.02	1348.78
81.2896	1100.67	1354.02
82.6328	1123.65	1359.81
83.857	1144.68	1365.04
85.0826	1164.9	1369.14
86.436	1188.56	1375.08
87.6708	1210.18	1380.37
88.9047	1232.09	1385.86
90.261	1256.77	1392.37
91.4958	1279.03	1397.91
92.7321	1301.49	1403.49
94.0946	1326.42	1409.67
95.3353	1349.89	1415.94
96.5751	1372.93	1421.62
97.9394	1398.55	1427.98
99.1814	1422.07	1433.81
100.424	1446.2	1440.1
101.784	1472.51	1446.71
103.015	1496.58	1452.77
104.372	1523.31	1459.5
105.609	1548.87	1466.61
106.849	1573.57	1472.71
108.214	1601.01	1479.49
109.454	1626.05	1485.6
110.699	1651.54	1491.91
112.075	1679.58	1498.62
113.328	1705.27	1504.73
114.582	1731.15	1510.83
115.966	1759.69	1517.42
117.226	1786	1523.55
118.496	1812.48	1529.57
119.894	1841.89	1536.27
121.166	1868.33	1541.96
122.441	1895.4	1548.01
123.85	1925.41	1554.63
125.137	1952.93	1560.63
126.562	1983.8	1567.45
127.859	2011.7	1573.37
129.162	2039.82	1579.27
130.6	2071.01	1585.77
131.903	2099.22	1591.49
133.207	2128.01	1597.52
134.642	2159.78	1604.09
135.945	2188.92	1610.15
137.244	2217.62	1615.82
138.67	2250.1	1622.63
139.967	2279.84	1628.84
141.262	2309.74	1635.08
142.686	2342.9	1642
143.98	2373.22	1648.3
145.404	2406.81	1655.26
146.693	2437.58	1661.69
147.977	2468.13	1667.92
149.388	2502.35	1675.07
150.666	2533.67	1681.65
151.942	2565.18	1688.27
153.343	2600.37	1695.79
154.616	2632.29	1702.47
155.885	2664.43	1709.23
157.282	2699.97	1716.64
158.55	2732.71	1723.57
159.941	2768.65	1731.04
161.204	2801.62	1737.94
162.464	2834.7	1744.82
163.847	2871.74	1752.7
165.101	2905.32	1759.72
166.353	2938.99	1766.72
167.727	2976.31	1774.5
168.974	3010.14	1781.42
170.222	3044.41	1788.5
171.588	3082.4	1796.39
172.83	3117.03	1803.52
174.075	3151.66	1810.52
175.447	3190.28	1818.38
176.697	3225.58	1825.49
177.95	3261.14	1832.62
179.33	3300.18	1840.28
180.587	3336.07	1847.35
181.971	3375.77	1855.12
183.231	3412.09	1862.18
184.623	3452.88	1870.23
185.89	3489.58	1877.22
187.16	3526.52	1884.22
188.43	3563.63	1891.22
189.83	3603.9	1898.49
191.103	3641.41	1905.47
192.374	3679.07	1912.45
193.774	3720.75	1920.15
195.044	3758.31	1926.91
196.445	3800.5	1934.64
197.72	3838.89	1941.58
198.997	3877.53	1948.54
200.397	3920.43	1956.33
201.672	3959.49	1963.33
202.948	3998.79	1970.35
204.361	4042.16	1977.95
205.645	4081.54	1984.75
206.93	4121.37	1991.67
208.344	4165.39	1999.28
209.63	4205.68	2006.24
210.921	4245.37	2012.77
212.339	4290.03	2020.36
213.63	4330.89	2027.29
214.919	4371.86	2034.19
216.346	4417.65	2041.94
217.637	4459.1	2048.87
219.055	4504.88	2056.51
220.344	4546.7	2063.45
221.637	4590.18	2071.04
223.062	4636.63	2078.63
224.359	4679	2085.5
225.661	4721.6	2092.35
227.094	4769.24	2100.11
228.399	4812.22	2106.93
229.703	4855.39	2113.77
231.138	4903.08	2121.28
232.444	4946.21	2127.92
233.882	4994.38	2135.43
235.194	5038.42	2142.24
236.505	5082.5	2149
237.949	5131.51	2156.56
239.26	5176.03	2163.35
240.57	5220.74	2170.15
242.02	5270.26	2177.61
243.341	5314.85	2184.12
244.662	5360.17	2190.85
246.114	5410.23	2198.26
247.44	5455.97	2204.96
248.771	5502.67	2211.94
250.237	5553.34	2219.23
251.57	5599.62	2225.87
252.902	5646.1	2232.52
254.378	5697.97	2239.96
255.72	5744.83	2246.53
257.209	5796.59	2253.65
258.566	5843.8	2260.08
260.2	5901.46	2268.05
261.43	5944.35	2273.79
262.8	5992.3	2280.18
264.174	6040.21	2286.45
265.69	6093.68	2293.53
267.077	6142.07	2299.73
268.465	6190.67	2305.95
270.008	6244.36	2312.66
271.415	6293.68	2318.84
272.97	6347.82	2325.46
274.388	6397.18	2331.43
275.815	6446.8	2337.36
277.392	6501.69	2343.87
278.827	6551.65	2349.72
280.263	6601.81	2355.58
281.849	6657.21	2361.98
283.297	6707.97	2367.82
284.755	6758.71	2373.52
286.362	6814.72	2379.76
287.829	6865.82	2385.38
289.297	6917.34	2391.09
290.914	6974.09	2397.3
292.388	7025.64	2402.85
293.857	7077.49	2408.48
295.474	7135.38	2414.89
296.943	7187.62	2420.54
298.559	7245.34	2426.77
300.028	7297.96	2432.42
301.5	7351.11	2438.18
303.113	7409.42	2444.44
304.576	7462.56	2450.15
306.034	7516.08	2455.96
307.634	7574.78	2462.27
309.087	7628.51	2468.08
310.54	7682.47	2473.91
312.135	7742.14	2480.38
313.583	7796.01	2486.11
315.027	7850.44	2491.99
316.614	7910.54	2498.48
318.051	7965.39	2504.43
319.632	8026.3	2511.11
321.063	8081.43	2517.08
322.495	8136.79	2523.07
324.067	8197.91	2529.7
325.495	8254.27	2535.91
326.921	8310.32	2542
328.485	8371.88	2548.64
329.906	8428.15	2554.72
331.324	8484.66	2560.83
332.885	8546.98	2567.55
334.298	8603.86	2573.71
335.711	8660.81	2579.84
337.264	8724.43	2586.82
338.674	8781.83	2593
340.082	8839.34	2599.18
341.628	8902.85	2606.01
343.032	8960.55	2612.16
344.435	9018.58	2618.37
345.978	9082.69	2625.22
347.379	9141.14	2631.46
348.781	9199.37	2637.58
350.322	9263.97	2644.41
351.724	9322.95	2650.65
353.265	9388.1	2657.52
354.667	9447.64	2663.81
356.068	9507.14	2670.03
357.61	9572.83	2676.89
359.013	9632.74	2683.12
360.417	9693.16	2689.43
361.964	9759.51	2696.26
363.373	9819.85	2702.42
364.781	9880.46	2708.6
366.334	9946.94	2715.27
367.749	10008	2721.41
369.165	10069.2	2727.56
370.727	10137.1	2734.4
1.65153	0.772841	46.7955
2.40971	1.49271	61.9459
3.1488	2.27019	72.097
3.93883	3.23268	82.0721
4.6396	4.23933	91.3726
5.32229	5.38296	101.14
6.05262	6.82304	112.729
6.70328	8.30973	123.965
7.33643	9.97928	136.024
8.02019	12.0391	150.109
8.63397	14.1127	163.455
9.30015	16.604	178.534
9.89827	19.0771	192.732
10.491	21.7585	207.402
11.1358	24.9422	223.982
11.7097	28.0466	239.515
12.2713	31.3498	255.473
12.8814	35.2104	273.344
13.4262	38.9358	290
14.008	43.2658	308.864
14.5346	47.4029	326.139
15.1039	52.1617	345.352
15.6255	56.6936	362.828
16.1407	61.4433	380.673
16.652	66.3943	398.717
17.212	72.0839	418.801
17.7061	77.4417	437.372
18.2465	83.5748	458.031
18.7291	89.3633	477.135
19.2025	95.3494	496.547
19.6589	101.539	516.501
20.1484	108.556	538.783
20.5798	115.157	559.567
21.0458	122.646	582.758
21.4561	129.67	604.349
21.8582	136.901	626.314
22.2983	145.063	650.555
22.6998	152.7	672.692
23.1088	160.535	694.692
23.5623	169.392	718.914
23.9848	177.65	740.678
24.4184	186.105	762.15
24.9619	196.513	787.253
25.3911	204.519	805.474
25.888	213.602	825.1
26.409	222.879	843.951
27.0107	233.315	863.788
27.5818	243.003	881.025
28.1766	252.903	897.565
28.8578	264.012	914.873
29.5035	274.316	929.775
30.1723	284.829	944.008
30.9314	296.619	958.958
31.643	307.54	971.906
32.3705	318.654	984.399
33.1986	331.073	997.249
33.972	342.608	1008.5
34.8461	355.522	1020.27
35.6593	367.478	1030.52
36.4849	379.665	1040.61
37.4099	393.224	1051.12
38.2662	405.78	1060.41
39.133	418.53	1069.51
40.0976	432.778	1079.31
40.9859	445.968	1088.1
41.888	459.298	1096.49
42.8899	474.23	1105.69
43.8116	487.994	1113.85
44.7393	501.944	1121.93
45.7664	517.501	1130.75
46.7085	531.855	1138.67
47.7536	547.9	1147.35
48.7102	562.697	1155.19
49.6733	577.68	1162.96
50.7395	594.387	1171.45
51.7141	609.767	1179.11
52.698	625.352	1186.67
53.79	642.729	1194.89
54.7916	658.744	1202.27
55.8021	674.923	1209.49
56.9237	692.95	1217.33
57.9514	709.536	1224.36
58.9882	726.297	1231.26
60.1396	744.985	1238.76
61.1944	762.145	1245.45
62.3652	781.266	1252.73
63.4407	798.858	1259.22
64.529	816.663	1265.58
65.7339	836.54	1272.62
66.8359	854.724	1278.84
67.9464	873.157	1285.07
69.1782	893.646	1291.8
70.3087	912.505	1297.86
71.4488	931.572	1303.83
72.7166	952.726	1310.19
73.8794	972.182	1315.9
75.0527	991.833	1321.52
76.3545	1013.66	1327.57
77.545	1033.72	1333.05
78.7443	1053.96	1338.46
80.0736	1076.46	1344.34
81.2896	1097.12	1349.64
82.6328	1120.09	1355.51
83.857	1141.12	1360.8
85.0826	1162.37	1366.17
86.436	1186.03	1372.15
87.6708	1207.65	1377.48
88.9047	1229.55	1383
90.261	1253.76	1389.04
91.4958	1276.02	1394.62
92.7321	1298.48	1400.25
94.0946	1323.41	1406.47
95.3353	1346.33	1412.2
96.5751	1369.37	1417.93
97.9394	1394.99	1424.34
99.1814	1418.5	1430.21
100.424	1442.22	1436.13
101.784	1468.52	1442.79
103.015	1492.58	1448.9
104.372	1519.31	1455.67
105.609	1543.81	1461.82
106.849	1568.51	1467.97
108.214	1595.94	1474.81
109.454	1620.98	1480.96
110.699	1646.26	1487.15
112.075	1674.3	1493.91
113.328	1699.99	1500.06
114.582	1725.86	1506.22
115.966	1754.56	1512.99
117.226	1780.86	1519.17
118.496	1807.34	1525.23
119.894	1836.74	1531.97
121.166	1863.59	1538.06
122.441	1890.66	1544.14
123.85	1920.66	1550.8
125.137	1948.18	1556.84
126.562	1978.71	1563.44
127.859	2006.61	1569.39
129.162	2034.73	1575.33
130.6	2065.91	1581.86
131.903	2094.43	1587.86
133.207	2123.22	1593.92
134.642	2154.98	1600.53
135.945	2184.11	1606.61
137.244	2213.42	1612.76
138.67	2245.89	1619.59
139.967	2275.62	1625.82
141.262	2305.51	1632.09
142.686	2338.65	1639.02
143.98	2368.97	1645.34
145.404	2402.55	1652.32
146.693	2433.31	1658.78
147.977	2464.18	1665.25
149.388	2498.4	1672.42
150.666	2529.71	1679.02
151.942	2561.21	1685.65
153.343	2596.11	1693.01
154.616	2628.02	1699.71
155.885	2660.16	1706.49
157.282	2695.69	1713.92
158.55	2728.27	1720.76
159.941	2764.2	1728.26
161.204	2797.16	1735.17
162.464	2830.23	1742.07
163.847	2866.85	1749.72
165.101	2900.42	1756.75
166.353	2934.08	1763.77
167.727	2971.39	1771.57
168.974	3005.46	1778.65
170.222	3039.73	1785.75
171.588	3077.71	1793.66
172.83	3112.33	1800.8
174.075	3147.2	1807.96
175.447	3185.81	1815.83
176.697	3221.1	1822.95
177.95	3256.65	1830.1
179.33	3295.8	1837.84
180.587	3331.68	1844.92
181.971	3371.37	1852.7
183.231	3407.68	1859.77
184.623	3447.84	1867.5
185.89	3484.53	1874.51
187.16	3521.46	1881.52
188.43	3558.56	1888.53
189.83	3599.58	1896.21
191.103	3637.08	1903.2
192.374	3674.73	1910.2
193.774	3716.4	1917.9
195.044	3754.47	1924.94
196.445	3796.65	1932.68
197.72	3835.04	1939.63
198.997	3873.66	1946.6
200.397	3916.38	1954.31
201.672	3955.43	1961.32
202.948	3994.72	1968.35
204.361	4038.08	1975.95
205.645	4077.7	1982.88
206.93	4117.52	1989.81
208.344	4161.53	1997.43
209.63	4201.81	2004.39
210.921	4242.17	2011.25
212.339	4286.82	2018.85
213.63	4327.66	2025.78
214.919	4368.63	2032.68
216.346	4414	2040.25
217.637	4455.45	2047.19
219.055	4501.22	2054.83
220.344	4543.02	2061.78
221.637	4585.02	2068.71
223.062	4631.46	2076.31
224.359	4673.82	2083.19
225.661	4716.41	2090.05
227.094	4763.48	2097.58
228.399	4806.44	2104.41
229.703	4849.6	2111.25
231.138	4897.28	2118.77
232.444	4940.83	2125.61
233.882	4988.99	2133.12
235.194	5033.01	2139.94
236.505	5077.08	2146.71
237.949	5125.83	2154.17
239.26	5170.34	2160.97
240.57	5215.04	2167.78
242.02	5264.54	2175.25
243.341	5309.62	2181.97
244.662	5354.93	2188.71
246.114	5404.97	2196.13
247.44	5450.7	2202.83
248.771	5496.63	2209.52
250.237	5547.29	2216.81
251.57	5593.56	2223.46
252.902	5640.02	2230.12
254.378	5691.33	2237.35
255.72	5738.17	2243.93
257.209	5789.91	2251.06
258.566	5837.12	2257.49
260.2	5894.07	2265.21
261.43	5936.95	2270.95
262.8	5984.88	2277.35
264.174	6032.77	2283.64
265.69	6085.81	2290.57
267.077	6134.18	2296.78
268.465	6182.76	2303.01
270.008	6236.44	2309.73
271.415	6285.42	2315.8
272.97	6339.54	2322.43
274.388	6388.89	2328.41
275.815	6438.5	2334.35
277.392	6493.19	2340.8
278.827	6543.13	2346.67
280.263	6593.27	2352.53
281.849	6648.66	2358.94
283.297	6699.24	2364.74
284.755	6749.96	2370.45
286.362	6805.95	2376.69
287.829	6857.04	2382.33
289.297	6908.36	2387.99
290.914	6965.09	2394.21
292.388	7016.63	2399.77
293.857	7068.46	2405.41
295.474	7125.68	2411.61
296.943	7177.9	2417.26
298.559	7235.6	2423.51
300.028	7288.21	2429.18
301.5	7341.03	2434.84
303.113	7399.32	2441.11
304.576	7452.45	2446.83
306.034	7505.95	2452.65
307.634	7564.73	2459
309.087	7618.45	2464.83
310.54	7672.4	2470.66
312.135	7732.05	2477.15
313.583	7786.31	2483.02
315.027	7840.72	2488.91
316.614	7900.81	2495.41
318.051	7955.64	2501.37
319.632	8016.21	2507.95
321.063	8071.32	2513.93
322.495	8126.67	2519.94
324.067	8187.77	2526.57
325.495	8243.51	2532.61
326.921	8299.55	2538.7
328.485	8361.09	2545.35
329.906	8417.34	2551.44
331.324	8473.77	2557.55
332.885	8536.07	2564.27
334.298	8592.93	2570.44
335.711	8649.87	2576.58
337.264	8712.75	2583.36
338.674	8770.14	2589.55
340.082	8827.63	2595.73
341.628	8891.13	2602.57
343.032	8949.02	2608.8
344.435	9007.03	2615.01
345.978	9071.12	2621.88
347.379	9129.55	2628.12
348.781	9188.23	2634.39
350.322	9252.81	2641.23
351.724	9311.78	2647.47
353.265	9376.91	2654.35
354.667	9436.21	2660.58
356.068	9495.69	2666.82
357.61	9561.36	2673.68
359.013	9621.25	2679.92
360.417	9681.32	2686.14
361.964	9747.65	2692.99
363.373	9807.97	2699.15
364.781	9868.56	2705.34
366.334	9935.41	2712.12
367.749	9996.42	2718.27
369.165	10057.6	2724.43
370.727	10124.9	2731.1
0.796064	0	0
1.65153	0.110717	6.70389
2.40971	0.403812	16.7577
3.1488	0.877516	27.8683
3.93883	1.59655	40.5335
4.6396	2.42407	52.2473
5.32229	3.39523	63.7927
6.05262	4.62562	76.4235
6.70328	5.87821	87.6915
7.33643	7.25959	98.9525
8.02019	8.92088	111.23
8.63397	10.5418	122.097
9.30015	12.417	133.514
9.89827	14.2068	143.528
10.491	16.0748	153.225
11.1358	18.205	163.482
11.7097	20.1971	172.481
12.2713	22.2322	181.172
12.8814	24.5136	190.303
13.4262	26.6217	198.282
14.008	28.9597	206.736
14.5346	31.0943	213.933
15.1039	33.4344	221.363
15.6255	35.5611	227.585
16.1407	37.6937	233.531
16.652	39.8174	239.115
17.212	42.154	244.911
17.7061	44.2539	249.935
18.2465	46.5496	255.115
18.7291	48.615	259.569
19.2025	50.6562	263.8
19.6589	52.6679	267.908
20.1484	54.8433	272.197
20.5798	56.7996	275.997
21.0458	58.9244	279.982
21.4561	60.8346	283.53
21.8582	62.7326	286.998
22.2983	64.8123	290.66
22.6998	66.7136	293.896
23.1088	68.6359	297.012
23.5623	70.7845	300.414
23.9848	72.7719	303.408
24.4184	74.8097	306.366
24.9619	77.3375	309.822
25.3911	79.3119	312.361
25.888	81.5856	315.149
26.409	83.9496	317.883
27.0107	86.6743	320.888
27.5818	89.2667	323.643
28.1766	91.99	326.477
28.8578	95.134	329.665
29.5035	98.1394	332.637
30.1723	101.302	335.746
30.9314	104.959	339.327
31.643	108.448	342.724
32.3705	112.096	346.292
33.1986	116.311	350.349
33.972	120.352	354.269
34.8461	125.022	358.783
35.6593	129.474	363.087
36.4849	134.141	367.661
37.4099	139.477	372.834
38.2662	144.551	377.753
39.133	149.833	382.881
40.0976	155.883	388.759
40.9859	161.621	394.332
41.888	167.548	399.99
42.8899	174.334	406.47
43.8116	180.716	412.484
44.7393	187.298	418.643
45.7664	194.769	425.573
46.7085	201.796	432.033
47.7536	209.795	439.328
48.7102	217.293	446.094
49.6733	224.994	452.947
50.7395	233.699	460.586
51.7141	241.823	467.615
52.698	250.158	474.701
53.79	259.568	482.559
54.7916	268.34	489.746
55.8021	277.295	496.926
56.9237	287.377	504.846
57.9514	296.739	512.047
58.9882	306.277	519.218
60.1396	317.006	527.117
61.1944	326.94	534.265
62.3652	338.1	542.13
63.4407	348.449	549.252
64.529	358.997	556.335
65.7339	370.858	564.181
66.8359	381.777	571.215
67.9464	392.905	578.258
69.1782	405.343	585.94
70.3087	416.85	592.885
71.4488	428.537	599.782
72.7166	441.562	607.237
73.8794	453.591	613.962
75.0527	465.783	620.608
76.3545	479.369	627.82
77.545	491.888	634.325
78.7443	504.557	640.753
80.0736	518.676	647.749
81.2896	531.662	654.035
82.6328	546.137	660.921
83.857	559.407	667.097
85.0826	572.833	673.267
86.436	587.801	680.042
87.6708	601.492	686.08
88.9047	615.374	692.173
90.261	630.726	698.78
91.4958	644.845	704.781
92.7321	659.096	710.753
94.0946	674.915	717.273
95.3353	689.458	723.192
96.5751	704.07	729.039
97.9394	720.309	735.464
99.1814	735.205	741.273
100.424	750.218	747.052
101.784	766.853	753.414
103.015	782.048	759.158
104.372	798.911	765.444
105.609	814.341	771.092
106.849	829.879	776.685
108.214	847.104	782.807
109.454	862.796	788.271
110.699	878.618	793.698
112.075	896.12	799.575
113.328	912.124	804.857
114.582	928.205	810.077
115.966	946.002	815.756
117.226	962.263	820.859
118.496	978.591	825.841
119.894	996.669	831.291
121.166	1013.13	836.151
122.441	1029.66	840.946
123.85	1047.94	846.135
125.137	1064.63	850.77
126.562	1083.08	855.773
127.859	1099.88	860.222
129.162	1116.74	864.602
130.6	1135.37	869.35
131.903	1152.34	873.63
133.207	1169.41	877.883
134.642	1188.15	882.454
135.945	1205.28	886.592
137.244	1222.44	890.706
138.67	1241.38	895.203
139.967	1258.64	899.24
141.262	1275.92	903.235
142.686	1294.99	907.584
143.98	1312.36	911.486
145.404	1331.51	915.728
146.693	1348.97	919.589
147.977	1366.42	923.4
149.388	1385.66	927.559
150.666	1403.19	931.323
151.942	1420.73	935.052
153.343	1440.08	939.125
154.616	1457.68	942.78
155.885	1475.33	946.423
157.282	1494.74	950.355
158.55	1512.45	953.928
159.941	1531.89	957.782
161.204	1549.63	961.287
162.464	1567.34	964.732
163.847	1586.85	968.497
165.101	1604.64	971.914
166.353	1622.4	975.272
167.727	1641.98	978.961
168.974	1659.77	982.266
170.222	1677.59	985.532
171.588	1697.23	989.128
172.83	1715.03	992.321
174.075	1732.87	995.477
175.447	1752.53	998.895
176.697	1770.4	1001.94
177.95	1788.32	1004.96
179.33	1807.95	1008.17
180.587	1825.85	1011.06
181.971	1845.55	1014.2
183.231	1863.49	1017.01
184.623	1883.23	1020.04
185.89	1901.16	1022.73
187.16	1919.13	1025.4
188.43	1937.11	1028.03
189.83	1956.9	1030.87
191.103	1974.91	1033.43
192.374	1992.91	1035.96
193.774	2012.75	1038.71
195.044	2030.8	1041.2
196.445	2050.71	1043.91
197.72	2068.75	1046.3
198.997	2086.83	1048.68
200.397	2106.75	1051.29
201.672	2124.88	1053.63
202.948	2143.06	1055.97
204.361	2163.04	1058.44
205.645	2181.24	1060.68
206.93	2199.46	1062.9
208.344	2219.53	1065.32
209.63	2237.84	1067.52
210.921	2256.12	1069.65
212.339	2276.29	1072
213.63	2294.68	1074.14
214.919	2313.07	1076.25
216.346	2333.38	1078.54
217.637	2351.88	1080.64
219.055	2372.24	1082.94
220.344	2390.79	1085.02
221.637	2409.38	1087.09
223.062	2429.89	1089.33
224.359	2448.55	1091.35
225.661	2467.27	1093.35
227.094	2487.91	1095.54
228.399	2506.72	1097.52
229.703	2525.58	1099.5
231.138	2546.38	1101.67
232.444	2565.35	1103.64
233.882	2586.29	1105.81
235.194	2605.4	1107.77
236.505	2624.51	1109.71
237.949	2645.63	1111.85
239.26	2664.9	1113.81
240.57	2684.22	1115.77
242.02	2705.62	1117.93
243.341	2725.09	1119.86
244.662	2744.64	1121.81
246.114	2766.23	1123.96
247.44	2785.95	1125.91
248.771	2805.75	1127.85
250.237	2827.58	1129.96
251.57	2847.52	1131.9
252.902	2867.54	1133.85
254.378	2889.65	1135.96
255.72	2909.84	1137.9
257.209	2932.15	1139.99
258.566	2952.52	1141.88
260.2	2977.11	1144.16
261.43	2995.64	1145.87
262.8	3016.37	1147.78
264.174	3037.1	1149.66
265.69	3060.08	1151.75
267.077	3081.07	1153.62
268.465	3102.17	1155.52
270.008	3125.53	1157.57
271.415	3146.88	1159.43
272.97	3170.51	1161.49
274.388	3192.09	1163.35
275.815	3213.84	1165.22
277.392	3237.87	1167.25
278.827	3259.85	1169.13
280.263	3281.98	1171.04
281.849	3306.48	1173.14
283.297	3328.91	1175.06
284.755	3351.46	1176.96
286.362	3376.42	1179.07
287.829	3399.26	1181
289.297	3422.26	1182.96
290.914	3447.75	1185.14
292.388	3470.97	1187.11
293.857	3494.39	1189.15
295.474	3520.33	1191.42
296.943	3544.09	1193.52
298.559	3570.44	1195.89
300.028	3594.55	1198.07
301.5	3618.85	1200.28
303.113	3645.75	1202.77
304.576	3670.35	1205.07
306.034	3695.21	1207.45
307.634	3722.64	1210.09
309.087	3747.82	1212.54
310.54	3773.19	1215.04
312.135	3801.36	1217.86
313.583	3827.08	1220.44
315.027	3852.96	1223.06
316.614	3881.66	1225.99
318.051	3907.94	1228.71
319.632	3937.08	1231.75
321.063	3963.7	1234.55
322.495	3990.53	1237.39
324.067	4020.28	1240.57
325.495	4047.53	1243.5
326.921	4075.03	1246.49
328.485	4105.34	1249.78
329.906	4133.17	1252.83
331.324	4161.18	1255.92
332.885	4192.24	1259.37
334.298	4220.71	1262.56
335.711	4249.32	1265.77
337.264	4281.05	1269.35
338.674	4310.12	1272.65
340.082	4339.35	1275.97
341.628	4371.77	1279.69
343.032	4401.43	1283.1
344.435	4431.27	1286.53
345.978	4464.36	1290.36
347.379	4494.65	1293.87
348.781	4525.17	1297.43
350.322	4558.89	1301.34
351.724	4589.8	1304.95
353.265	4624.07	1308.95
354.667	4655.39	1312.61
356.068	4686.91	1316.29
357.61	4721.83	1320.39
359.013	4753.8	1324.13
360.417	4785.97	1327.9
361.964	4821.62	1332.07
363.373	4854.14	1335.86
364.781	4886.91	1339.68
366.334	4923.2	1343.91
367.749	4956.43	1347.78
369.165	4989.88	1351.66
370.727	5026.67	1355.9
0.796064	0	0
1.65153	0.115629	7.00133
2.40971	0.423564	17.5774
3.1488	0.927929	29.4693
3.93883	1.70991	43.4116
4.6396	2.62953	56.6758
5.32229	3.73737	70.2212
6.05262	5.18307	85.6335
6.70328	6.69938	99.9419
7.33643	8.42089	114.782
8.02019	10.5505	131.55
8.63397	12.6934	147.018
9.30015	15.267	164.158
9.89827	17.8226	180.058
10.491	20.5931	196.293
11.1358	23.8803	214.446
11.7097	27.085	231.303
12.2713	30.4946	248.504
12.8814	34.4768	267.648
13.4262	38.3174	285.394
14.008	42.78	305.396
14.5346	47.038	323.628
15.1039	51.931	343.825
15.6255	56.5853	362.135
16.1407	61.4626	380.792
16.652	66.5462	399.629
17.212	72.3871	420.563
17.7061	77.8886	439.896
18.2465	84.1854	461.377
18.7291	90.1285	481.221
19.2025	96.2757	501.371
19.6589	102.633	522.07
20.1484	109.842	545.166
20.5798	116.624	566.691
21.0458	124.315	590.686
21.4561	131.527	613.004
21.8582	138.949	635.685
22.2983	147.323	660.689
22.6998	155.152	683.494
23.1088	163.179	706.131
23.5623	172.246	731.025
23.9848	180.694	753.37
24.4184	189.339	775.393
24.9619	199.973	801.112
25.3911	208.146	819.761
25.888	217.415	839.829
26.409	226.876	859.088
27.0107	237.514	879.333
27.5818	247.384	896.909
28.1766	257.465	913.757
28.8578	268.773	931.37
29.5035	279.256	946.518
30.1723	289.947	960.971
30.9314	301.933	976.137
31.643	313.03	989.258
32.3705	324.322	1001.91
33.1986	336.932	1014.9
33.972	348.642	1026.26
34.8461	361.745	1038.12
35.6593	373.87	1048.45
36.4849	386.226	1058.59
37.4099	399.967	1069.15
38.2662	412.685	1078.46
39.133	425.595	1087.56
40.0976	440.016	1097.36
40.9859	453.36	1106.14
41.888	466.841	1114.5
42.8899	481.937	1123.66
43.8116	495.848	1131.77
44.7393	509.943	1139.81
45.7664	525.656	1148.56
46.7085	540.148	1156.42
47.7536	556.345	1165.03
48.7102	571.279	1172.81
49.6733	586.396	1180.51
50.7395	603.249	1188.91
51.7141	618.76	1196.5
52.698	634.475	1203.98
53.79	651.994	1212.11
54.7916	668.137	1219.41
55.8021	684.442	1226.55
56.9237	702.608	1234.3
57.9514	719.319	1241.25
58.9882	736.205	1248.06
60.1396	755.029	1255.46
61.1944	772.311	1262.06
62.3652	791.565	1269.24
63.4407	809.278	1275.65
64.529	827.204	1281.91
65.7339	847.211	1288.85
66.8359	865.514	1294.98
67.9464	884.065	1301.12
69.1782	904.683	1307.76
70.3087	923.66	1313.72
71.4488	942.843	1319.61
72.7166	964.124	1325.87
73.8794	983.695	1331.49
75.0527	1003.46	1337.01
76.3545	1025.41	1342.97
77.545	1045.59	1348.36
78.7443	1065.94	1353.67
80.0736	1088.57	1359.46
81.2896	1109.33	1364.67
82.6328	1132.43	1370.44
83.857	1153.57	1375.64
85.0826	1174.93	1380.93
86.436	1198.71	1386.81
87.6708	1220.43	1392.06
88.9047	1242.44	1397.5
90.261	1266.77	1403.45
91.4958	1289.13	1408.95
92.7321	1311.69	1414.49
94.0946	1336.73	1420.62
95.3353	1359.75	1426.28
96.5751	1382.89	1431.94
97.9394	1408.62	1438.26
99.1814	1432.23	1444.05
100.424	1456.05	1449.9
101.784	1482.46	1456.48
103.015	1506.62	1462.52
104.372	1533.46	1469.22
105.609	1558.05	1475.3
106.849	1582.85	1481.39
108.214	1610.39	1488.15
109.454	1635.52	1494.25
110.699	1660.9	1500.37
112.075	1689.04	1507.07
113.328	1714.83	1513.16
114.582	1740.79	1519.25
115.966	1769.61	1525.97
117.226	1796.01	1532.08
118.496	1822.58	1538.09
119.894	1852.09	1544.77
121.166	1879.04	1550.81
122.441	1906.21	1556.83
123.85	1936.32	1563.44
125.137	1963.94	1569.43
126.562	1994.58	1575.98
127.859	2022.58	1581.88
129.162	2050.8	1587.77
130.6	2082.1	1594.26
131.903	2110.73	1600.21
133.207	2139.62	1606.23
134.642	2171.5	1612.79
135.945	2200.73	1618.84
137.244	2230.15	1624.95
138.67	2262.74	1631.74
139.967	2292.58	1637.94
141.262	2322.59	1644.18
142.686	2355.86	1651.08
143.98	2386.29	1657.37
145.404	2420	1664.33
146.693	2450.89	1670.76
147.977	2481.88	1677.21
149.388	2516.23	1684.36
150.666	2547.67	1690.94
151.942	2579.31	1697.56
153.343	2614.35	1704.91
154.616	2646.4	1711.6
155.885	2678.68	1718.37
157.282	2714.37	1725.79
158.55	2747.09	1732.63
159.941	2783.18	1740.13
161.204	2816.3	1747.04
162.464	2849.52	1753.94
163.847	2886.32	1761.6
165.101	2920.05	1768.64
166.353	2953.87	1775.66
167.727	2991.37	1783.48
168.974	3025.61	1790.58
170.222	3060.05	1797.69
171.588	3098.23	1805.62
172.83	3133.03	1812.78
174.075	3168.09	1819.96
175.447	3206.91	1827.85
176.697	3242.39	1835
177.95	3278.14	1842.17
179.33	3317.51	1849.94
180.587	3353.59	1857.05
181.971	3393.51	1864.86
183.231	3430.03	1871.97
184.623	3470.43	1879.74
185.89	3507.34	1886.78
187.16	3544.5	1893.83
188.43	3581.83	1900.88
189.83	3623.1	1908.6
191.103	3660.84	1915.64
192.374	3698.74	1922.68
193.774	3740.69	1930.44
195.044	3779.02	1937.52
196.445	3821.48	1945.32
197.72	3860.14	1952.32
198.997	3899.03	1959.35
200.397	3942.06	1967.12
201.672	3981.39	1974.19
202.948	4020.97	1981.28
204.361	4064.65	1988.96
205.645	4104.58	1995.95
206.93	4144.7	2002.95
208.344	4189.06	2010.65
209.63	4229.66	2017.68
210.921	4270.34	2024.61
212.339	4315.36	2032.29
213.63	4356.55	2039.3
214.919	4397.86	2046.28
216.346	4443.63	2053.94
217.637	4485.43	2060.97
219.055	4531.6	2068.7
220.344	4573.78	2075.74
221.637	4616.16	2082.76
223.062	4663.03	2090.46
224.359	4705.79	2097.44
225.661	4748.78	2104.39
227.094	4796.3	2112.03
228.399	4839.69	2118.96
229.703	4883.28	2125.91
231.138	4931.42	2133.54
232.444	4975.43	2140.49
233.882	5024.08	2148.13
235.194	5068.56	2155.06
236.505	5113.1	2161.94
237.949	5162.37	2169.53
239.26	5207.36	2176.44
240.57	5252.56	2183.37
242.02	5302.61	2190.98
243.341	5348.21	2197.82
244.662	5394.03	2204.69
246.114	5444.66	2212.25
247.44	5490.92	2219.09
248.771	5537.41	2225.91
250.237	5588.67	2233.35
251.57	5635.51	2240.13
252.902	5682.55	2246.93
254.378	5734.49	2254.32
255.72	5781.92	2261.04
257.209	5834.33	2268.32
258.566	5882.14	2274.91
260.2	5939.83	2282.8
261.43	5983.28	2288.68
262.8	6031.86	2295.23
264.174	6080.4	2301.67
265.69	6134.15	2308.76
267.077	6183.2	2315.13
268.465	6232.45	2321.52
270.008	6286.89	2328.41
271.415	6336.57	2334.64
272.97	6391.47	2341.45
274.388	6441.54	2347.6
275.815	6491.88	2353.7
277.392	6547.38	2360.34
278.827	6598.08	2366.37
280.263	6648.99	2372.41
281.849	6705.23	2379.01
283.297	6756.6	2384.99
284.755	6808.12	2390.87
286.362	6865.01	2397.32
287.829	6916.93	2403.14
289.297	6969.09	2408.98
290.914	7026.76	2415.4
292.388	7079.16	2421.15
293.857	7131.87	2426.98
295.474	7190.07	2433.4
296.943	7243.19	2439.25
298.559	7301.92	2445.72
300.028	7355.47	2451.59
301.5	7409.25	2457.46
303.113	7468.62	2463.97
304.576	7522.74	2469.91
306.034	7577.25	2475.95
307.634	7637.17	2482.55
309.087	7691.94	2488.6
310.54	7746.95	2494.67
312.135	7807.81	2501.42
313.583	7863.17	2507.53
315.027	7918.71	2513.66
316.614	7980.05	2520.43
318.051	8036.04	2526.65
319.632	8097.92	2533.51
321.063	8154.23	2539.76
322.495	8210.79	2546.02
324.067	8273.26	2552.95
325.495	8330.26	2559.26
326.921	8387.59	2565.63
328.485	8450.56	2572.59
329.906	8508.14	2578.96
331.324	8565.91	2585.36
332.885	8629.71	2592.4
334.298	8687.96	2598.87
335.711	8746.31	2605.31
337.264	8810.77	2612.42
338.674	8869.61	2618.92
340.082	8928.58	2625.42
341.628	8993.73	2632.61
343.032	9053.15	2639.15
344.435	9112.7	2645.69
345.978	9178.52	2652.92
347.379	9238.54	2659.5
348.781	9298.84	2666.1
350.322	9365.21	2673.31
351.724	9425.85	2679.9
353.265	9492.83	2687.17
354.667	9553.84	2693.75
356.068	9615.05	2700.34
357.61	9682.65	2707.6
359.013	9744.32	2714.2
360.417	9806.19	2720.79
361.964	9874.53	2728.04
363.373	9936.69	2734.57
364.781	9999.15	2741.14
366.334	10068.1	2748.34
367.749	10131	2754.87
369.165	10194.2	2761.41
370.727	10263.6	2768.5
0.796064	0	0
1.65153	0.11429	6.92023
2.40971	0.419024	17.389
3.1488	0.919019	29.1863
3.93883	1.69421	43.0131
4.6396	2.60552	56.1583
5.32229	3.70254	69.5668
6.05262	5.13426	84.827
6.70328	6.63593	98.9953
7.33643	8.34013	113.681
8.02019	10.4477	130.268
8.63397	12.5683	145.568
9.30015	15.1145	162.519
9.89827	17.6411	178.224
10.491	20.3781	194.244
11.1358	23.6235	212.14
11.7097	26.7862	228.752
12.2713	30.149	245.687
12.8814	34.0735	264.518
13.4262	37.8563	281.959
14.008	42.2496	301.609
14.5346	46.4405	319.517
15.1039	51.2555	339.352
15.6255	55.8342	357.328
16.1407	60.6294	375.63
16.652	65.6239	394.09
17.212	71.3584	414.586
17.7061	76.7556	433.497
18.2465	82.9285	454.489
18.7291	88.7508	473.865
19.2025	94.7678	493.518
19.6589	100.986	513.689
20.1484	108.031	536.176
20.5798	114.654	557.119
21.0458	122.162	580.456
21.4561	129.199	602.152
21.8582	136.438	624.196
22.2983	144.603	648.494
22.6998	152.238	670.659
23.1088	160.066	692.663
23.5623	168.91	716.866
23.9848	177.15	738.594
24.4184	185.583	760.013
24.9619	195.959	785.034
25.3911	203.938	803.185
25.888	212.987	822.725
26.409	222.227	841.484
27.0107	232.621	861.217
27.5818	242.267	878.358
28.1766	252.125	894.802
28.8578	263.185	912.007
29.5035	273.443	926.816
30.1723	283.91	940.961
30.9314	295.647	955.817
31.643	306.52	968.684
32.3705	317.586	981.099
33.1986	329.951	993.87
33.972	341.438	1005.06
34.8461	354.298	1016.75
35.6593	366.204	1026.95
36.4849	378.343	1036.99
37.4099	391.848	1047.45
38.2662	404.356	1056.69
39.133	417.058	1065.75
40.0976	431.255	1075.51
40.9859	444.399	1084.27
41.888	457.683	1092.63
42.8899	472.565	1101.81
43.8116	486.284	1109.94
44.7393	500.189	1118.01
45.7664	515.697	1126.8
46.7085	530.006	1134.71
47.7536	546.003	1143.38
48.7102	560.758	1151.21
49.6733	575.698	1158.97
50.7395	592.357	1167.45
51.7141	607.695	1175.11
52.698	623.238	1182.66
53.79	640.569	1190.87
54.7916	656.542	1198.25
55.8021	672.678	1205.47
56.9237	690.66	1213.31
57.9514	707.204	1220.34
58.9882	723.923	1227.23
60.1396	742.564	1234.73
61.1944	759.682	1241.42
62.3652	778.757	1248.7
63.4407	796.308	1255.2
64.529	814.073	1261.56
65.7339	833.905	1268.61
66.8359	852.048	1274.84
67.9464	870.441	1281.07
69.1782	890.886	1287.81
70.3087	909.706	1293.87
71.4488	928.733	1299.86
72.7166	949.844	1306.23
73.8794	969.261	1311.95
75.0527	988.875	1317.57
76.3545	1010.66	1323.64
77.545	1030.68	1329.13
78.7443	1050.88	1334.55
80.0736	1073.35	1340.45
81.2896	1093.96	1345.76
82.6328	1116.9	1351.64
83.857	1137.89	1356.94
85.0826	1159.1	1362.33
86.436	1182.73	1368.32
87.6708	1204.31	1373.67
88.9047	1226.18	1379.21
90.261	1250.36	1385.27
91.4958	1272.59	1390.87
92.7321	1295.02	1396.51
94.0946	1319.92	1402.75
95.3353	1342.81	1408.51
96.5751	1365.83	1414.26
97.9394	1391.42	1420.69
99.1814	1414.91	1426.59
100.424	1438.61	1432.53
101.784	1464.89	1439.22
103.015	1488.93	1445.36
104.372	1515.65	1452.16
105.609	1540.13	1458.34
106.849	1564.82	1464.52
108.214	1592.24	1471.39
109.454	1617.26	1477.57
110.699	1642.54	1483.79
112.075	1670.57	1490.58
113.328	1696.25	1496.77
114.582	1722.12	1502.95
115.966	1750.82	1509.76
117.226	1777.12	1515.97
118.496	1803.59	1522.07
119.894	1833	1528.85
121.166	1859.85	1534.97
122.441	1886.92	1541.08
123.85	1916.93	1547.79
125.137	1944.45	1553.86
126.562	1974.99	1560.5
127.859	2002.9	1566.48
129.162	2031.02	1572.46
130.6	2062.22	1579.04
131.903	2090.76	1585.07
133.207	2119.56	1591.17
134.642	2151.34	1597.82
135.945	2180.49	1603.95
137.244	2209.82	1610.14
138.67	2242.32	1617.02
139.967	2272.08	1623.3
141.262	2302.01	1629.61
142.686	2335.18	1636.59
143.98	2365.54	1642.96
145.404	2399.16	1650
146.693	2429.97	1656.51
147.977	2460.89	1663.03
149.388	2495.16	1670.25
150.666	2526.53	1676.91
151.942	2558.09	1683.6
153.343	2593.06	1691.02
154.616	2625.04	1697.79
155.885	2657.25	1704.63
157.282	2692.87	1712.12
158.55	2725.53	1719.03
159.941	2761.55	1726.6
161.204	2794.6	1733.59
162.464	2827.77	1740.55
163.847	2864.5	1748.28
165.101	2898.17	1755.39
166.353	2931.94	1762.48
167.727	2969.37	1770.37
168.974	3003.56	1777.53
170.222	3037.95	1784.7
171.588	3076.07	1792.7
172.83	3110.81	1799.93
174.075	3145.82	1807.17
175.447	3184.59	1815.13
176.697	3220.02	1822.34
177.95	3255.71	1829.57
179.33	3295.03	1837.41
180.587	3331.06	1844.57
181.971	3370.92	1852.45
183.231	3407.4	1859.62
184.623	3447.74	1867.45
185.89	3484.6	1874.55
187.16	3521.71	1881.65
188.43	3558.99	1888.76
189.83	3600.22	1896.55
191.103	3637.91	1903.64
192.374	3675.76	1910.73
193.774	3717.66	1918.55
195.044	3755.94	1925.69
196.445	3798.36	1933.55
197.72	3836.97	1940.6
198.997	3875.82	1947.68
200.397	3918.8	1955.51
201.672	3958.09	1962.63
202.948	3997.62	1969.78
204.361	4041.26	1977.51
205.645	4081.15	1984.56
206.93	4121.23	1991.61
208.344	4165.54	1999.36
209.63	4206.11	2006.44
210.921	4246.74	2013.42
212.339	4291.72	2021.16
213.63	4332.87	2028.21
214.919	4374.15	2035.25
216.346	4419.87	2042.96
217.637	4461.63	2050.04
219.055	4507.77	2057.82
220.344	4549.91	2064.91
221.637	4592.25	2071.97
223.062	4639.08	2079.73
224.359	4681.8	2086.75
225.661	4724.76	2093.75
227.094	4772.24	2101.44
228.399	4815.59	2108.41
229.703	4859.14	2115.4
231.138	4907.25	2123.09
232.444	4951.22	2130.07
233.882	4999.83	2137.76
235.194	5044.28	2144.73
236.505	5088.78	2151.65
237.949	5138.01	2159.29
239.26	5182.96	2166.24
240.57	5228.12	2173.22
242.02	5278.14	2180.87
243.341	5323.7	2187.75
244.662	5369.48	2194.66
246.114	5420.07	2202.26
247.44	5466.3	2209.14
248.771	5512.75	2215.99
250.237	5563.97	2223.48
251.57	5610.77	2230.3
252.902	5657.77	2237.14
254.378	5709.67	2244.56
255.72	5757.07	2251.32
257.209	5809.43	2258.64
258.566	5857.21	2265.26
260.2	5914.85	2273.2
261.43	5958.26	2279.11
262.8	6006.8	2285.69
264.174	6055.3	2292.17
265.69	6109.01	2299.3
267.077	6158.02	2305.7
268.465	6207.23	2312.12
270.008	6261.63	2319.06
271.415	6311.26	2325.32
272.97	6366.12	2332.17
274.388	6416.14	2338.34
275.815	6466.44	2344.48
277.392	6521.9	2351.15
278.827	6572.55	2357.22
280.263	6623.42	2363.29
281.849	6679.62	2369.93
283.297	6730.94	2375.93
284.755	6782.43	2381.85
286.362	6839.26	2388.33
287.829	6891.14	2394.18
289.297	6943.26	2400.05
290.914	7000.88	2406.51
292.388	7053.24	2412.29
293.857	7105.9	2418.15
295.474	7164.06	2424.6
296.943	7217.14	2430.48
298.559	7275.82	2436.98
300.028	7329.33	2442.88
301.5	7383.07	2448.78
303.113	7442.39	2455.31
304.576	7496.47	2461.28
306.034	7550.94	2467.35
307.634	7610.81	2473.98
309.087	7665.54	2480.06
310.54	7720.52	2486.16
312.135	7781.33	2492.94
313.583	7836.65	2499.07
315.027	7892.15	2505.23
316.614	7953.45	2512.03
318.051	8009.41	2518.27
319.632	8071.24	2525.17
321.063	8127.51	2531.44
322.495	8184.04	2537.73
324.067	8246.47	2544.68
325.495	8303.43	2551.02
326.921	8360.72	2557.41
328.485	8423.66	2564.4
329.906	8481.2	2570.8
331.324	8538.94	2577.22
332.885	8602.7	2584.29
334.298	8660.92	2590.78
335.711	8719.24	2597.25
337.264	8783.66	2604.39
338.674	8842.47	2610.91
340.082	8901.4	2617.43
341.628	8966.52	2624.64
343.032	9025.9	2631.21
344.435	9085.43	2637.78
345.978	9151.21	2645.03
347.379	9211.2	2651.63
348.781	9271.47	2658.25
350.322	9337.81	2665.49
351.724	9398.41	2672.1
353.265	9465.36	2679.39
354.667	9526.35	2686
356.068	9587.52	2692.61
357.61	9655.1	2699.89
359.013	9716.74	2706.52
360.417	9778.58	2713.13
361.964	9846.88	2720.4
363.373	9909.02	2726.96
364.781	9971.45	2733.54
366.334	10040.3	2740.77
367.749	10103.2	2747.32
369.165	10166.4	2753.88
370.727	10235.7	2760.99
0.796064	0	0
1.65153	0.0121491	0.735627
2.40971	0.033503	1.39034
3.1488	0.0565146	1.7948
3.93883	0.0912472	2.31661
4.6396	0.129553	2.79234
5.32229	0.176284	3.31218
6.05262	0.22619	3.73706
6.70328	0.270912	4.04148
7.33643	0.315713	4.30336
8.02019	0.368895	4.59958
8.63397	0.421523	4.88214
9.30015	0.482552	5.18864
9.89827	0.539114	5.44655
10.491	0.593206	5.65444
11.1358	0.654909	5.8811
11.7097	0.705905	6.02836
12.2713	0.757853	6.17582
12.8814	0.820196	6.3673
13.4262	0.879255	6.54882
14.008	0.94662	6.75769
14.5346	1.0137	6.97441
15.1039	1.09064	7.22088
15.6255	1.16367	7.44725
16.1407	1.23639	7.66005
16.652	1.30852	7.85806
17.212	1.39015	8.07667
17.7061	1.46569	8.27786
18.2465	1.55369	8.515
18.7291	1.63383	8.72349
19.2025	1.71896	8.95176
19.6589	1.80477	9.18039
20.1484	1.90114	9.43567
20.5798	1.99098	9.67445
21.0458	2.09183	9.93944
21.4561	2.18819	10.1985
21.8582	2.28622	10.4593
22.2983	2.39958	10.7612
22.6998	2.50349	11.0287
23.1088	2.61095	11.2985
23.5623	2.73158	11.593
23.9848	2.84282	11.8526
24.4184	2.95803	12.1139
24.9619	3.10013	12.4195
25.3911	3.20917	12.6389
25.888	3.33182	12.8701
26.409	3.45794	13.0938
27.0107	3.59839	13.3221
27.5818	3.73126	13.528
28.1766	3.86435	13.7148
28.8578	4.01421	13.9103
29.5035	4.15352	14.0781
30.1723	4.29611	14.2386
30.9314	4.45703	14.4094
31.643	4.60614	14.5566
32.3705	4.75935	14.7028
33.1986	4.93293	14.8588
33.972	5.09126	14.9866
34.8461	5.27084	15.1261
35.6593	5.43868	15.2518
36.4849	5.60655	15.3668
37.4099	5.79809	15.4988
38.2662	5.97306	15.6092
39.133	6.15174	15.7201
40.0976	6.35359	15.8453
40.9859	6.53957	15.9556
41.888	6.73273	16.0732
42.8899	6.95268	16.2106
43.8116	7.16007	16.3429
44.7393	7.37276	16.4794
45.7664	7.61332	16.6352
46.7085	7.83883	16.7824
47.7536	8.09421	16.95
48.7102	8.33083	17.1028
49.6733	8.57168	17.2561
50.7395	8.84217	17.4266
51.7141	9.09281	17.5828
52.698	9.34775	17.7383
53.79	9.63646	17.915
54.7916	9.90588	18.0792
55.8021	10.1803	18.2437
56.9237	10.489	18.4264
57.9514	10.777	18.5967
58.9882	11.0731	18.7718
60.1396	11.4087	18.9704
61.1944	11.7252	19.1605
62.3652	12.0843	19.3767
63.4407	12.4204	19.578
64.529	12.7671	19.785
65.7339	13.1565	20.0149
66.8359	13.5206	20.2296
67.9464	13.8889	20.441
69.1782	14.3035	20.6763
70.3087	14.6864	20.8885
71.4488	15.0761	21.1005
72.7166	15.5138	21.3346
73.8794	15.9189	21.5471
75.0527	16.3295	21.7573
76.3545	16.7907	21.9904
77.545	17.2147	22.1996
78.7443	17.647	22.4105
80.0736	18.1308	22.6426
81.2896	18.5787	22.855
82.6328	19.0794	23.0893
83.857	19.5428	23.3049
85.0826	20.0147	23.5238
86.436	20.5408	23.7642
87.6708	21.028	23.9852
88.9047	21.5226	24.2086
90.261	22.079	24.4613
91.4958	22.5953	24.6955
92.7321	23.12	24.932
94.0946	23.7088	25.1968
95.3353	24.2504	25.4369
96.5751	24.8	25.6795
97.9394	25.4142	25.9488
99.1814	25.9796	26.194
100.424	26.5529	26.4409
101.784	27.1923	26.7157
103.015	27.7825	26.9693
104.372	28.4391	27.2478
105.609	29.0449	27.5023
106.849	29.6581	27.757
108.214	30.3409	28.038
109.454	30.9695	28.2944
110.699	31.6059	28.5511
112.075	32.3139	28.8325
113.328	32.9659	29.0891
114.582	33.6238	29.3447
115.966	34.3579	29.6275
117.226	35.0341	29.8859
118.496	35.7189	30.1435
119.894	36.48	30.4268
121.166	37.1795	30.6849
122.441	37.8895	30.9451
123.85	38.6791	31.2306
125.137	39.4076	31.4915
126.562	40.2186	31.7778
127.859	40.9582	32.0338
129.162	41.7036	32.2878
130.6	42.5307	32.5656
131.903	43.2914	32.8207
133.207	44.059	33.0755
134.642	44.9089	33.3543
135.945	45.69	33.6091
137.244	46.4778	33.865
138.67	47.3525	34.1476
139.967	48.1552	34.4047
141.262	48.9683	34.665
142.686	49.8719	34.9523
143.98	50.706	35.2174
145.404	51.6318	35.5092
146.693	52.4818	35.7767
147.977	53.3428	36.0481
149.388	54.3031	36.3504
150.666	55.1849	36.6273
151.942	56.0744	36.9052
153.343	57.0673	37.2155
154.616	57.9808	37.4999
155.885	58.9092	37.7902
157.282	59.9433	38.1119
158.55	60.8893	38.4038
159.941	61.9337	38.7228
161.204	62.8928	39.0145
162.464	63.858	39.306
163.847	64.9269	39.6267
165.101	65.9054	39.9182
166.353	66.8882	40.2085
167.727	67.9816	40.5312
168.974	68.9829	40.8246
170.222	69.9865	41.1149
171.588	71.1037	41.4385
172.83	72.1271	41.7329
174.075	73.1598	42.0278
175.447	74.3025	42.3505
176.697	75.351	42.6442
177.95	76.4081	42.938
179.33	77.5774	43.2595
180.587	78.6509	43.5528
181.971	79.8391	43.8747
183.231	80.9304	44.1684
184.623	82.138	44.4895
185.89	83.2453	44.7819
187.16	84.3584	45.0728
188.43	85.4798	45.3642
189.83	86.7147	45.6802
191.103	87.8441	45.9669
192.374	88.981	46.2541
193.774	90.2423	46.5708
195.044	91.3961	46.8593
196.445	92.6772	47.1772
197.72	93.8515	47.4668
198.997	95.0349	47.757
200.397	96.3456	48.0773
201.672	97.5463	48.3688
202.948	98.7588	48.6622
204.361	100.101	48.9823
205.645	101.328	49.2731
206.93	102.562	49.5637
208.344	103.928	49.883
209.63	105.181	50.1747
210.921	106.439	50.4638
212.339	107.835	50.7842
213.63	109.112	51.0754
214.919	110.398	51.3673
216.346	111.827	51.6892
217.637	113.131	51.9817
219.055	114.575	52.304
220.344	115.892	52.5957
221.637	117.212	52.8846
223.062	118.669	53.2002
224.359	120.004	53.4874
225.661	121.339	53.7705
227.094	122.822	54.0839
228.399	124.176	54.3682
229.703	125.54	54.6534
231.138	127.05	54.9673
232.444	128.434	55.2539
233.882	129.965	55.5686
235.194	131.365	55.8539
236.505	132.77	56.1383
237.949	134.332	56.4542
239.26	135.76	56.7416
240.57	137.196	57.0296
242.02	138.785	57.3442
243.341	140.24	57.6309
244.662	141.7	57.9166
246.114	143.313	58.2306
247.44	144.784	58.5126
248.771	146.261	58.7934
250.237	147.892	59.1007
251.57	149.381	59.3793
252.902	150.879	59.6591
254.378	152.531	59.9624
255.72	154.041	60.2382
257.209	155.709	60.538
258.566	157.231	60.809
260.2	159.07	61.1338
261.43	160.456	61.3763
262.8	162.006	61.646
264.174	163.559	61.9136
265.69	165.28	62.2079
267.077	166.848	62.4716
268.465	168.424	62.7361
270.008	170.168	63.0233
271.415	171.759	63.2829
272.97	173.519	63.5672
274.388	175.127	63.8244
275.815	176.743	64.0801
277.392	178.527	64.3592
278.827	180.162	64.6143
280.263	181.806	64.8697
281.849	183.619	65.1478
283.297	185.27	65.3979
284.755	186.923	65.6434
286.362	188.746	65.9116
287.829	190.407	66.153
289.297	192.079	66.3951
290.914	193.924	66.6601
292.388	195.605	66.8992
293.857	197.302	67.1422
295.474	199.176	67.409
296.943	200.874	67.6473
298.559	202.757	67.912
300.028	204.478	68.153
301.5	206.212	68.3955
303.113	208.128	68.6635
304.576	209.87	68.9059
306.034	211.627	69.1514
307.634	213.563	69.421
309.087	215.334	69.6678
310.54	217.113	69.9147
312.135	219.079	70.1872
313.583	220.869	70.4342
315.027	222.664	70.6811
316.614	224.653	70.9548
318.051	226.469	71.2053
319.632	228.478	71.4815
321.063	230.297	71.7295
322.495	232.128	71.9788
324.067	234.15	72.2535
325.495	235.997	72.504
326.921	237.856	72.7563
328.485	239.894	73.0305
329.906	241.762	73.2823
331.324	243.639	73.5351
332.885	245.715	73.8139
334.298	247.606	74.0672
335.711	249.502	74.3205
337.264	251.597	74.5994
338.674	253.513	74.8547
340.082	255.436	75.1102
341.628	257.558	75.3913
343.032	259.495	75.6475
344.435	261.438	75.9034
345.978	263.589	76.1866
347.379	265.549	76.4436
348.781	267.517	76.7005
350.322	269.685	76.982
351.724	271.669	77.2393
353.265	273.861	77.5227
354.667	275.86	77.7802
356.068	277.864	78.0368
357.61	280.079	78.3196
359.013	282.103	78.5774
360.417	284.134	78.8349
361.964	286.38	79.1182
363.373	288.422	79.3737
364.781	290.477	79.6306
366.334	292.745	79.912
367.749	294.816	80.1677
369.165	296.896	80.4235
370.727	299.181	80.7011
0.796064	0	0
1.65153	0.0121578	0.736154
2.40971	0.0335503	1.3923
3.1488	0.0566126	1.79791
3.93883	0.0914583	2.32197
4.6396	0.130074	2.80356
5.32229	0.177243	3.3302
6.05262	0.227798	3.76362
6.70328	0.273281	4.07683
7.33643	0.318972	4.34779
8.02019	0.373145	4.65257
8.63397	0.427731	4.95404
9.30015	0.494177	5.31365
9.89827	0.560193	5.6595
10.491	0.628921	5.99488
11.1358	0.712826	6.4012
11.7097	0.793231	6.77411
12.2713	0.885476	7.21583
12.8814	1.00261	7.78339
13.4262	1.12363	8.36896
14.008	1.27934	9.13292
14.5346	1.44163	9.91866
15.1039	1.64725	10.9061
15.6255	1.85409	11.8658
16.1407	2.08796	12.936
16.652	2.34801	14.1005
17.212	2.66604	15.4895
17.7061	2.99083	16.8915
18.2465	3.38568	18.5552
18.7291	3.78144	20.1902
19.2025	4.21683	21.9598
19.6589	4.69813	23.8982
20.1484	5.27364	26.174
20.5798	5.84625	28.4078
21.0458	6.52444	31.0012
21.4561	7.19486	33.5329
21.8582	7.91333	36.203
22.2983	8.75249	39.2518
22.6998	9.55992	42.1146
23.1088	10.4057	45.029
23.5623	11.3872	48.3281
23.9848	12.3197	51.3646
24.4184	13.2911	54.4305
24.9619	14.5019	58.0961
25.3911	15.4381	60.8013
25.888	16.5069	63.7628
26.409	17.6046	66.6614
27.0107	18.8416	69.7559
27.5818	19.9955	72.4952
28.1766	21.1741	75.1478
28.8578	22.4987	77.9641
29.5035	23.7269	80.4207
30.1723	24.9803	82.792
30.9314	26.3886	85.3135
31.643	27.694	87.5203
32.3705	29.0304	89.6818
33.1986	30.5148	91.9159
33.972	31.8897	93.8704
34.8461	33.4226	95.9151
35.6593	34.837	97.6941
36.4849	36.2723	99.4172
37.4099	37.8587	101.2
38.2662	39.3158	102.743
39.133	40.7861	104.224
40.0976	42.4183	105.788
40.9859	43.9176	107.153
41.888	45.422	108.437
42.8899	47.104	109.825
43.8116	48.646	111.034
44.7393	50.2021	112.21
45.7664	51.9313	113.47
46.7085	53.5185	114.58
47.7536	55.2913	115.785
48.7102	56.923	116.861
49.6733	58.5722	117.915
50.7395	60.4098	119.059
51.7141	62.1011	120.085
52.698	63.8125	121.091
53.79	65.721	122.181
54.7916	67.4821	123.161
55.8021	69.2613	124.119
56.9237	71.2462	125.161
57.9514	73.0748	126.097
58.9882	74.924	127.015
60.1396	76.9854	128.011
61.1944	78.8801	128.901
62.3652	80.9902	129.864
63.4407	82.9293	130.719
64.529	84.8929	131.558
65.7339	87.0882	132.486
66.8359	89.1043	133.318
67.9464	91.1512	134.152
69.1782	93.4314	135.059
70.3087	95.5311	135.874
71.4488	97.6569	136.681
72.7166	100.017	137.544
73.8794	102.192	138.322
75.0527	104.391	139.09
76.3545	106.842	139.929
77.545	109.101	140.693
78.7443	111.383	141.449
80.0736	113.921	142.271
81.2896	116.251	143.008
82.6328	118.841	143.819
83.857	121.213	144.547
85.0826	123.608	145.28
86.436	126.268	146.083
87.6708	128.692	146.79
88.9047	131.143	147.509
90.261	133.85	148.293
91.4958	136.336	149.008
92.7321	138.838	149.719
94.0946	141.612	150.499
95.3353	144.151	151.204
96.5751	146.699	151.901
97.9394	149.523	152.669
99.1814	152.107	153.363
100.424	154.709	154.056
101.784	157.592	154.83
103.015	160.229	155.54
104.372	163.154	156.319
105.609	165.833	157.026
106.849	168.534	157.731
108.214	171.532	158.512
109.454	174.268	159.216
110.699	177.031	159.92
112.075	180.091	160.688
113.328	182.894	161.385
114.582	185.715	162.08
115.966	188.846	162.846
117.226	191.718	163.546
118.496	194.61	164.233
119.894	197.824	164.999
121.166	200.762	165.693
122.441	203.728	166.389
123.85	207.021	167.155
125.137	210.047	167.854
126.562	213.414	168.624
127.859	216.494	169.322
129.162	219.601	170.02
130.6	223.046	170.786
131.903	226.203	171.492
133.207	229.389	172.205
134.642	232.907	172.983
135.945	236.134	173.698
137.244	239.38	174.419
138.67	242.975	175.217
139.967	246.263	175.943
141.262	249.571	176.673
142.686	253.233	177.476
143.98	256.584	178.208
145.404	260.289	179.011
146.693	263.681	179.751
147.977	267.088	180.493
149.388	270.864	181.315
150.666	274.315	182.068
151.942	277.779	182.819
153.343	281.61	183.647
154.616	285.106	184.397
155.885	288.627	185.154
157.282	292.522	185.985
158.55	296.084	186.745
159.941	300.006	187.573
161.204	303.601	188.334
162.464	307.207	189.092
163.847	311.197	189.932
165.101	314.853	190.703
166.353	318.519	191.471
167.727	322.583	192.327
168.974	326.295	193.104
170.222	330.022	193.878
171.588	334.157	194.743
172.83	337.934	195.53
174.075	341.746	196.321
175.447	345.972	197.195
176.697	349.844	197.991
177.95	353.748	198.791
179.33	358.06	199.665
180.587	362.02	200.468
181.971	366.402	201.352
183.231	370.417	202.158
184.623	374.862	203.041
185.89	378.932	203.847
187.16	383.031	204.654
188.43	387.157	205.464
189.83	391.717	206.352
191.103	395.889	207.16
192.374	400.082	207.97
193.774	404.725	208.864
195.044	408.97	209.681
196.445	413.676	210.581
197.72	417.97	211.395
198.997	422.299	212.214
200.397	427.089	213.121
201.672	431.468	213.945
202.948	435.88	214.775
204.361	440.759	215.676
205.645	445.223	216.501
206.93	449.715	217.327
208.344	454.686	218.238
209.63	459.241	219.072
210.921	463.808	219.896
212.339	468.863	220.808
213.63	473.488	221.64
214.919	478.137	222.473
216.346	483.302	223.393
217.637	488.03	224.24
219.055	493.266	225.179
220.344	498.056	226.036
221.637	502.873	226.891
223.062	508.206	227.832
224.359	513.087	228.69
225.661	518	229.548
227.094	523.453	230.5
228.399	528.438	231.366
229.703	533.459	232.239
231.138	539.016	233.201
232.444	544.11	234.082
233.882	549.758	235.058
235.194	554.936	235.949
236.505	560.135	236.838
237.949	565.901	237.825
239.26	571.175	238.725
240.57	576.481	239.631
242.02	582.368	240.628
243.341	587.751	241.534
244.662	593.171	242.445
246.114	599.175	243.454
247.44	604.673	244.371
248.771	610.212	245.291
250.237	616.342	246.303
251.57	621.959	247.23
252.902	627.62	248.167
254.378	633.888	249.191
255.72	639.628	250.128
257.209	645.986	251.152
258.566	651.805	252.084
260.2	658.849	253.209
261.43	664.171	254.053
262.8	670.136	254.999
264.174	676.119	255.937
265.69	682.761	256.977
267.077	688.835	257.916
268.465	694.954	258.862
270.008	701.737	259.895
271.415	707.947	260.835
272.97	714.828	261.87
274.388	721.12	262.81
275.815	727.461	263.749
277.392	734.471	264.778
278.827	740.894	265.719
280.263	747.36	266.664
281.849	754.519	267.703
283.297	761.07	268.648
284.755	767.653	269.584
286.362	774.939	270.615
287.829	781.606	271.552
289.297	788.323	272.497
290.914	795.767	273.54
292.388	802.551	274.482
293.857	809.394	275.438
295.474	816.963	276.492
296.943	823.871	277.451
298.559	831.524	278.513
300.028	838.518	279.48
301.5	845.552	280.449
303.113	853.333	281.523
304.576	860.432	282.502
306.034	867.586	283.493
307.634	875.461	284.579
309.087	882.667	285.572
310.54	889.912	286.569
312.135	897.932	287.674
313.583	905.242	288.677
315.027	912.584	289.685
316.614	920.717	290.801
318.051	928.156	291.826
319.632	936.391	292.959
321.063	943.892	293.989
322.495	951.437	295.024
324.067	959.779	296.167
325.495	967.401	297.209
326.921	975.074	298.26
328.485	983.513	299.409
329.906	991.24	300.462
331.324	999.003	301.518
332.885	1007.58	302.682
334.298	1015.42	303.747
335.711	1023.28	304.811
337.264	1031.98	305.984
338.674	1039.92	307.056
340.082	1047.89	308.129
341.628	1056.7	309.313
343.032	1064.75	310.393
344.435	1072.82	311.473
345.978	1081.76	312.667
347.379	1089.92	313.756
348.781	1098.13	314.849
350.322	1107.18	316.047
351.724	1115.46	317.141
353.265	1124.61	318.348
354.667	1132.97	319.445
356.068	1141.35	320.544
357.61	1150.63	321.756
359.013	1159.11	322.861
360.417	1167.63	323.967
361.964	1177.06	325.186
363.373	1185.65	326.29
364.781	1194.29	327.4
366.334	1203.85	328.622
367.749	1212.6	329.736
369.165	1221.4	330.854
370.727	1231.06	332.067
