2.65765	1.1392	42.8651
3.93749	2.31747	58.8566
5.35449	3.68646	68.848
6.65322	5.02361	75.5065
8.0941	6.61796	81.7628
9.41335	8.19473	87.0543
10.7404	9.90752	92.2457
12.0738	11.773	97.5086
13.5464	14.0022	103.365
14.8952	16.2014	108.769
16.3831	18.807	114.795
17.7419	21.3536	120.357
19.1074	24.0791	126.019
20.6154	27.2818	132.337
21.9915	30.3803	138.145
23.3689	33.6579	144.029
24.8878	37.4731	150.568
26.2679	41.1433	156.629
27.6533	44.9917	162.699
29.1782	49.4468	169.465
30.5679	53.6986	175.67
31.9597	58.147	181.938
33.4935	63.1668	188.594
34.889	68.0119	194.938
36.2815	73.0471	201.335
37.8139	78.8023	208.395
39.2052	84.2393	214.868
40.598	89.8498	221.316
42.1275	96.2513	228.476
43.5171	102.274	235.02
44.9058	108.483	241.579
46.4326	115.553	248.862
47.8202	122.168	255.474
49.2067	128.991	262.14
50.731	136.715	269.49
52.1164	143.936	276.181
53.5005	151.353	282.9
55.023	159.711	290.263
56.4088	167.52	296.975
57.797	175.524	303.691
59.3249	184.555	311.093
60.7172	192.973	317.822
62.113	201.578	324.534
63.6527	211.273	331.915
65.0533	220.289	338.629
66.4577	229.524	345.368
68.0098	239.886	352.723
69.4277	249.496	359.361
70.8541	259.318	365.988
72.4331	270.343	373.231
73.8781	280.608	379.826
75.47	292.073	387.005
76.9179	302.701	393.538
78.3652	313.534	400.094
79.8163	324.548	406.619
81.4181	336.887	413.774
82.877	348.295	420.256
84.3371	359.913	426.755
85.9422	372.921	433.92
87.3972	384.959	440.471
88.853	397.227	447.061
90.4562	410.856	454.204
91.9127	423.454	460.713
93.3663	436.241	467.236
94.9648	450.553	474.442
96.4212	463.801	481.015
97.8785	477.204	487.547
99.4805	492.185	494.755
100.937	506.001	501.301
102.394	520.007	507.847
104.008	535.643	515.003
105.481	550.058	521.474
106.953	564.674	527.966
108.568	580.969	535.119
110.04	596.015	541.633
111.518	611.215	548.085
113.148	628.169	555.176
114.629	643.79	561.631
116.117	659.663	568.103
117.753	677.325	575.207
119.245	693.548	581.618
120.738	709.984	588.034
122.388	728.296	595.071
123.895	745.127	601.42
125.404	762.184	607.781
127.071	781.096	614.693
128.589	798.525	620.992
130.113	816.143	627.255
131.789	835.749	634.157
133.317	853.813	640.439
134.849	871.994	646.643
136.538	892.247	653.478
138.079	910.872	659.673
139.628	929.678	665.827
141.338	950.628	672.592
142.897	969.824	678.686
144.463	989.237	684.771
146.194	1010.81	691.417
147.774	1030.62	697.428
149.513	1052.65	704.047
151.096	1072.86	710.053
152.68	1093.29	716.069
154.42	1115.99	722.698
156.003	1136.87	728.749
157.585	1157.86	734.749
159.171	1179.06	740.754
160.911	1202.62	747.379
162.49	1224.25	753.426
164.063	1246.06	759.502
165.79	1270.22	766.161
167.358	1292.43	772.255
168.924	1314.83	778.356
170.643	1339.7	785.086
172.205	1362.54	791.232
173.765	1385.5	797.34
175.474	1411.01	804.112
177.024	1434.38	810.275
178.567	1457.96	816.478
180.265	1484.18	823.334
181.807	1508.13	829.522
183.345	1532.28	835.736
185.035	1559.06	842.576
186.568	1583.63	848.82
188.097	1608.38	855.081
189.779	1635.79	861.945
191.311	1660.96	868.197
192.843	1686.28	874.43
194.528	1714.38	881.303
196.056	1740.13	887.568
197.581	1766.03	893.827
199.255	1794.76	900.733
200.774	1821.08	907.029
202.44	1850.26	913.976
203.952	1876.99	920.309
205.462	1903.89	926.637
207.12	1933.68	933.603
208.623	1960.98	939.964
210.119	1988.48	946.359
211.611	2016.13	952.749
213.252	2046.74	959.776
214.739	2074.75	966.171
216.228	2102.98	972.578
217.859	2134.3	979.669
219.342	2162.88	986.078
220.82	2191.68	992.522
222.442	2223.59	999.626
223.913	2252.8	1006.1
225.381	2282.22	1012.61
226.993	2314.74	1019.74
228.456	2344.52	1026.24
229.919	2374.48	1032.75
231.522	2407.65	1039.92
232.976	2438.03	1046.47
234.429	2468.5	1052.99
236.025	2502.3	1060.19
237.473	2533.23	1066.74
238.918	2564.32	1073.3
240.507	2598.75	1080.53
241.948	2630.21	1087.1
243.386	2661.86	1093.68
244.968	2696.92	1100.92
246.407	2728.97	1107.51
247.99	2764.43	1114.73
249.43	2796.84	1121.29
250.87	2829.45	1127.86
252.456	2865.51	1135.05
253.9	2898.55	1141.61
255.345	2931.69	1148.13
256.936	2968.35	1155.29
258.384	3001.89	1161.8
259.839	3035.61	1168.27
261.442	3072.99	1175.4
262.905	3107	1181.8
264.37	3141.26	1188.21
265.982	3179.16	1195.25
267.448	3213.8	1201.65
268.914	3248.67	1208.07
270.522	3287.08	1215.09
271.979	3322.24	1221.51
273.436	3357.58	1227.92
275.035	3396.66	1234.99
276.492	3432.42	1241.42
277.948	3468.2	1247.79
279.543	3507.84	1254.84
280.983	3544.02	1261.29
282.417	3580.39	1267.77
283.991	3620.58	1274.9
285.415	3657.29	1281.4
286.84	3694.15	1287.88
288.392	3734.89	1295.08
289.796	3772.14	1301.65
291.188	3809.57	1308.28
292.705	3850.91	1315.63
294.082	3888.68	1322.31
295.453	3926.49	1328.97
296.955	3968.47	1336.39
298.32	4006.61	1343.05
299.677	4044.99	1349.78
301.175	4087.35	1357.13
302.529	4126.03	1363.84
303.888	4164.93	1370.55
305.381	4207.74	1377.87
306.741	4246.86	1384.51
308.103	4286.15	1391.14
309.601	4329.53	1398.42
310.967	4369.13	1405.01
312.471	4412.83	1412.24
313.841	4452.65	1418.76
315.213	4492.61	1425.26
316.726	4536.72	1432.38
318.101	4577.04	1438.86
319.471	4617.4	1445.33
320.975	4662.07	1452.47
322.345	4702.84	1458.95
323.718	4743.8	1465.41
325.225	4789.06	1472.54
326.595	4830.37	1479.01
327.958	4871.87	1485.51
329.456	4917.74	1492.69
330.809	4959.65	1499.25
332.163	5001.73	1505.81
333.655	5048.21	1513
335.015	5090.72	1519.55
336.377	5133.39	1526.08
337.879	5180.63	1533.28
339.245	5223.77	1539.82
340.61	5267.06	1546.36
342.115	5314.86	1553.53
343.484	5358.57	1560.06
344.854	5402.6	1566.63
346.357	5451.07	1573.83
347.727	5495.4	1580.38
349.1	5539.96	1586.93
350.61	5589.17	1594.12
351.988	5634.16	1600.67
353.365	5679.28	1607.2
354.888	5729.19	1614.37
356.274	5774.76	1620.88
357.664	5820.56	1627.38
359.193	5871.13	1634.53
360.586	5917.31	1641.03
361.982	5963.7	1647.51
363.453	6012.63	1654.31
364.924	6061.78	1661.1
366.326	6108.87	1667.6
367.871	6160.71	1674.69
369.275	6208.13	1681.17
370.686	6255.76	1687.62
372.244	6308.38	1694.69
373.664	6356.43	1701.11
375.087	6404.61	1707.5
376.652	6457.88	1714.55
378.072	6506.53	1720.98
379.502	6555.45	1727.38
381.079	6609.32	1734.37
382.517	6658.57	1740.73
383.958	6707.97	1747.06
385.541	6762.58	1754.05
386.984	6812.53	1760.42
388.428	6862.5	1766.74
390.02	6917.74	1773.69
391.47	6968.21	1780.01
392.92	7018.85	1786.33
394.517	7074.79	1793.28
395.966	7125.77	1799.59
397.418	7177.01	1805.91
399.016	7233.57	1812.85
400.469	7285.21	1819.17
401.923	7337.11	1825.5
403.378	7389.06	1831.79
404.981	7446.44	1838.71
406.437	7498.81	1845.01
407.893	7551.39	1851.32
409.492	7609.43	1858.26
410.941	7662.36	1864.59
412.391	7715.48	1870.91
413.982	7774.15	1877.89
415.428	7827.69	1884.25
416.868	7881.47	1890.64
418.451	7940.69	1897.64
419.885	7994.75	1904.03
421.318	8049.02	1910.44
422.893	8108.93	1917.49
424.32	8163.67	1923.94
425.745	8218.43	1930.37
427.308	8278.85	1937.44
428.725	8334.05	1943.91
430.28	8394.94	1951.04
431.835	8456.04	1958.16
433.103	8506.19	1964.01
434.508	8562.09	1970.53
436.05	8623.71	1977.69
2.65765	1.1392	42.8651
3.93749	2.31747	58.8566
5.35449	3.68646	68.848
6.65322	5.02361	75.5065
8.0941	5.69892	70.4083
9.41335	7.26229	77.1488
10.7404	8.96796	83.4978
12.0738	10.8309	89.7053
13.5464	13.0932	96.6547
14.8952	15.3111	102.792
16.3831	17.9375	109.488
17.7419	20.503	115.562
19.1074	23.1788	121.308
20.6154	26.4314	128.212
21.9915	29.5725	134.472
23.3689	32.8906	140.745
24.8878	36.34	146.015
26.2679	40.0592	152.502
27.6533	43.9534	158.945
29.1782	48.4565	166.071
30.5679	52.1913	170.739
31.9597	56.6942	177.393
33.4935	61.7681	184.418
34.889	66.662	191.069
36.2815	70.7916	195.118
37.8139	76.6077	202.591
39.2052	82.0977	209.405
40.598	87.7585	216.164
42.1275	94.2332	223.686
43.5171	100.31	230.508
44.9058	106.571	237.322
46.4326	113.697	244.864
47.8202	121.134	253.312
49.2067	128.007	260.141
50.731	135.784	267.655
52.1164	143.051	274.483
53.5005	150.743	281.76
55.023	159.153	289.248
56.4088	167.006	296.064
57.797	175.054	302.877
59.3249	184.632	311.221
60.7172	193.089	318.014
62.113	201.733	324.784
63.6527	211.469	332.223
65.0533	220.097	338.333
66.4577	229.368	345.134
68.0098	239.77	352.553
69.4277	249.414	359.243
70.8541	259.706	366.537
72.4331	270.773	373.825
73.8781	281.075	380.458
75.47	292.579	387.675
76.9179	302.841	393.72
78.3652	313.709	400.316
79.8163	324.756	406.879
81.4181	337.131	414.074
82.877	348.901	420.986
84.3371	360.552	427.513
85.9422	373.596	434.707
87.3972	385.668	441.281
88.853	397.443	447.304
90.4562	411.106	454.481
91.9127	423.735	461.019
93.3663	436.552	467.57
94.9648	450.479	474.364
96.4212	463.756	480.969
97.8785	477.188	487.531
99.4805	492.2	494.77
100.937	505.375	500.682
102.394	519.409	507.263
104.008	535.074	514.457
105.481	549.515	520.96
106.953	563.449	526.82
108.568	579.772	534.016
110.04	594.842	540.567
111.518	610.067	547.055
113.148	627.462	554.551
114.629	643.109	561.038
116.117	659.009	567.539
117.753	676.699	574.676
119.245	692.25	580.529
120.738	708.712	586.981
122.388	727.053	594.055
123.895	743.908	600.436
125.404	760.43	606.383
127.071	779.37	613.335
128.589	796.824	619.669
130.113	814.467	625.967
131.789	834.374	633.114
133.317	852.463	639.426
134.849	870.668	645.66
136.538	890.948	652.527
138.079	908.966	658.292
139.628	927.795	664.478
141.338	948.771	671.278
142.897	967.99	677.402
144.463	987.854	683.814
146.194	1009.45	690.489
147.774	1029.28	696.525
149.513	1051.34	703.171
151.096	1071.51	709.156
152.68	1091.96	715.195
154.42	1114.68	721.85
156.003	1135.58	727.925
157.585	1157.29	734.386
159.171	1178.51	740.409
160.911	1202.09	747.054
162.49	1223.74	753.118
164.063	1245.55	759.191
165.79	1269.74	765.868
167.358	1291.97	771.978
168.924	1314.39	778.095
170.643	1338.84	784.586
172.205	1361.71	790.749
173.765	1384.69	796.874
175.474	1410.22	803.665
177.024	1434.17	810.158
178.567	1457.77	816.374
180.265	1484.02	823.244
181.807	1507.99	829.445
183.345	1533.03	836.145
185.035	1559.84	842.995
186.568	1584.42	849.247
188.097	1609.2	855.516
189.779	1636.37	862.248
191.311	1661.55	868.509
192.843	1686.9	874.751
194.528	1715.02	881.633
196.056	1740.91	887.965
197.581	1766.83	894.233
199.255	1795.59	901.148
200.774	1821.93	907.452
202.44	1852.51	915.088
203.952	1879.26	921.424
205.462	1906.19	927.755
207.12	1936	934.725
208.623	1963.81	941.319
210.119	1991.33	947.716
211.611	2019	954.107
213.252	2049.64	961.136
214.739	2078.01	967.688
216.228	2106.26	974.096
217.859	2137.61	981.188
219.342	2166.21	987.597
220.82	2195.34	994.178
222.442	2227.28	1001.28
223.913	2256.51	1007.76
225.381	2285.96	1014.26
226.993	2318.31	1021.31
228.456	2348.11	1027.82
229.919	2378.1	1034.32
231.522	2411.29	1041.5
232.976	2442.3	1048.31
234.429	2472.8	1054.82
236.025	2506.62	1062.02
237.473	2537.57	1068.57
238.918	2569.62	1075.52
240.507	2604.08	1082.74
241.948	2635.55	1089.31
243.386	2667.23	1095.88
244.968	2701.23	1102.69
246.407	2733.31	1109.27
247.99	2768.8	1116.5
249.43	2801.24	1123.06
250.87	2833.87	1129.62
252.456	2869.95	1136.81
253.9	2903.02	1143.37
255.345	2936.19	1149.89
256.936	2973.03	1157.11
258.384	3006.6	1163.62
259.839	3040.34	1170.09
261.442	3077.76	1177.23
262.905	3111.65	1183.57
264.37	3145.94	1189.98
265.982	3183.86	1197.02
267.448	3218.54	1203.42
268.914	3253.16	1209.74
270.522	3291.6	1216.76
271.979	3326.79	1223.18
273.436	3362.15	1229.59
275.035	3402.15	1236.99
276.492	3437.94	1243.41
277.948	3473.76	1249.79
279.543	3513.42	1256.84
280.983	3550.27	1263.52
282.417	3586.66	1269.99
283.991	3626.89	1277.12
285.415	3663.62	1283.61
286.84	3699.77	1289.84
288.392	3740.55	1297.04
289.796	3777.83	1303.62
291.188	3815.29	1310.25
292.705	3857.96	1318.04
294.082	3895.76	1324.72
295.453	3933.61	1331.38
296.955	3975.63	1338.8
298.32	4013.78	1345.46
299.677	4052.19	1352.19
301.175	4094.59	1359.54
302.529	4133.3	1366.25
303.888	4172.58	1373.07
305.381	4215.43	1380.38
306.741	4254.58	1387.03
308.103	4293.9	1393.66
309.601	4337.17	1400.89
310.967	4376.81	1407.48
312.471	4420.55	1414.71
313.841	4460.4	1421.23
315.213	4500.01	1427.61
316.726	4544.15	1434.73
318.101	4584.51	1441.21
319.471	4624.91	1447.68
320.975	4670.04	1454.95
322.345	4710.84	1461.43
323.718	4751.84	1467.89
325.225	4797.14	1475.02
326.595	4838.1	1481.38
327.958	4879.63	1487.88
329.456	4925.55	1495.05
330.809	4967.49	1501.62
332.163	5010.21	1508.36
333.655	5056.72	1515.56
335.015	5099.27	1522.1
336.377	5141.97	1528.63
337.879	5188.81	1535.7
339.245	5231.99	1542.25
340.61	5275.31	1548.78
342.115	5323.15	1555.95
343.484	5367.6	1562.69
344.854	5411.66	1569.26
346.357	5460.16	1576.45
347.727	5504.53	1583
349.1	5548.31	1589.32
350.61	5597.55	1596.52
351.988	5642.58	1603.06
353.365	5687.73	1609.59
354.888	5737.69	1616.76
356.274	5783.29	1623.27
357.664	5829.12	1629.77
359.193	5879.72	1636.92
360.586	5925.36	1643.26
361.982	5971.77	1649.74
363.453	6020.73	1656.54
364.924	6069.9	1663.33
366.326	6117.22	1669.88
367.871	6169.09	1676.97
369.275	6216.54	1683.45
370.686	6264.19	1689.89
372.244	6316.74	1696.94
373.664	6364.82	1703.35
375.087	6413.02	1709.74
376.652	6466.32	1716.79
378.072	6515.46	1723.34
379.502	6564.4	1729.74
381.079	6618.29	1736.72
382.517	6667.57	1743.08
383.958	6716.72	1749.34
385.541	6771.35	1756.32
386.984	6821.32	1762.69
388.428	6871.31	1769
390.02	6927.58	1776.21
391.47	6978.06	1782.53
392.92	7028.72	1788.84
394.517	7084.68	1795.79
395.966	7135.73	1802.11
397.418	7186.99	1808.42
399.016	7243.56	1815.36
400.469	7295.22	1821.67
401.923	7346.88	1827.93
403.378	7398.84	1834.22
404.981	7456.24	1841.13
406.437	7508.63	1847.43
407.893	7561.12	1853.7
409.492	7619.17	1860.64
410.941	7672.11	1866.96
412.391	7725.24	1873.28
413.982	7784.01	1880.28
415.428	7837.55	1886.62
416.868	7891.34	1893.01
418.451	7950.58	1900
419.885	8005	1906.47
421.318	8059.28	1912.87
422.893	8119.2	1919.92
424.32	8173.95	1926.36
425.745	8228.62	1932.76
427.308	8289.04	1939.83
428.725	8344.25	1946.29
430.28	8405.14	1953.41
431.835	8466.1	1960.49
433.103	8516.26	1966.34
434.508	8572.16	1972.84
436.05	8633.99	1980.05
2.65765	1.1392	42.8651
3.93749	2.31747	58.8566
5.35449	3.68646	68.848
6.65322	5.02361	75.5065
8.0941	5.69892	70.4083
9.41335	7.26229	77.1488
10.7404	8.96796	83.4978
12.0738	10.8309	89.7053
13.5464	13.0932	96.6547
14.8952	15.3111	102.792
16.3831	17.9375	109.488
17.7419	20.503	115.562
19.1074	23.1788	121.308
20.6154	26.4314	128.212
21.9915	29.5725	134.472
23.3689	32.8906	140.745
24.8878	36.34	146.015
26.2679	40.0592	152.502
27.6533	43.9534	158.945
29.1782	48.4565	166.071
30.5679	52.1913	170.739
31.9597	56.6942	177.393
33.4935	61.7681	184.418
34.889	66.662	191.069
36.2815	70.7916	195.118
37.8139	76.6077	202.591
39.2052	82.0977	209.405
40.598	87.7585	216.164
42.1275	94.2332	223.686
43.5171	100.31	230.508
44.9058	106.571	237.322
46.4326	113.697	244.864
47.8202	121.134	253.312
49.2067	128.007	260.141
50.731	135.784	267.655
52.1164	143.051	274.483
53.5005	150.743	281.76
55.023	159.153	289.248
56.4088	167.006	296.064
57.797	175.054	302.877
59.3249	184.632	311.221
60.7172	193.089	318.014
62.113	201.733	324.784
63.6527	211.469	332.223
65.0533	220.097	338.333
66.4577	229.368	345.134
68.0098	239.77	352.553
69.4277	249.414	359.243
70.8541	259.706	366.537
72.4331	270.773	373.825
73.8781	281.075	380.458
75.47	292.579	387.675
76.9179	302.841	393.72
78.3652	313.709	400.316
79.8163	324.756	406.879
81.4181	337.131	414.074
82.877	348.901	420.986
84.3371	360.552	427.513
85.9422	373.596	434.707
87.3972	385.668	441.281
88.853	397.443	447.304
90.4562	411.106	454.481
91.9127	423.735	461.019
93.3663	436.552	467.57
94.9648	450.479	474.364
96.4212	463.756	480.969
97.8785	477.188	487.531
99.4805	492.2	494.77
100.937	505.375	500.682
102.394	519.409	507.263
104.008	535.074	514.457
105.481	549.515	520.96
106.953	563.449	526.82
108.568	579.772	534.016
110.04	594.842	540.567
111.518	610.067	547.055
113.148	627.462	554.551
114.629	643.109	561.038
116.117	659.009	567.539
117.753	676.699	574.676
119.245	692.25	580.529
120.738	708.712	586.981
122.388	727.053	594.055
123.895	743.908	600.436
125.404	760.43	606.383
127.071	779.37	613.335
128.589	796.824	619.669
130.113	814.467	625.967
131.789	834.374	633.114
133.317	852.463	639.426
134.849	870.668	645.66
136.538	890.948	652.527
138.079	908.966	658.292
139.628	927.795	664.478
141.338	948.771	671.278
142.897	967.99	677.402
144.463	987.854	683.814
146.194	1009.45	690.489
147.774	1029.28	696.525
149.513	1051.34	703.171
151.096	1071.51	709.156
152.68	1091.96	715.195
154.42	1114.68	721.85
156.003	1135.58	727.925
157.585	1157.29	734.386
159.171	1178.51	740.409
160.911	1202.09	747.054
162.49	1223.74	753.118
164.063	1245.55	759.191
165.79	1269.74	765.868
167.358	1291.97	771.978
168.924	1314.39	778.095
170.643	1338.84	784.586
172.205	1361.71	790.749
173.765	1384.69	796.874
175.474	1410.22	803.665
177.024	1434.17	810.158
178.567	1457.77	816.374
180.265	1484.02	823.244
181.807	1507.99	829.445
183.345	1533.03	836.145
185.035	1559.84	842.995
186.568	1584.42	849.247
188.097	1609.2	855.516
189.779	1636.37	862.248
191.311	1661.55	868.509
192.843	1686.9	874.751
194.528	1715.02	881.633
196.056	1740.91	887.965
197.581	1766.83	894.233
199.255	1795.59	901.148
200.774	1821.93	907.452
202.44	1852.51	915.088
203.952	1879.26	921.424
205.462	1906.19	927.755
207.12	1936	934.725
208.623	1963.81	941.319
210.119	1991.33	947.716
211.611	2019	954.107
213.252	2049.64	961.136
214.739	2078.01	967.688
216.228	2106.26	974.096
217.859	2137.61	981.188
219.342	2166.21	987.597
220.82	2195.34	994.178
222.442	2227.28	1001.28
223.913	2256.51	1007.76
225.381	2285.96	1014.26
226.993	2318.31	1021.31
228.456	2348.11	1027.82
229.919	2378.1	1034.32
231.522	2411.29	1041.5
232.976	2442.3	1048.31
234.429	2472.8	1054.82
236.025	2506.62	1062.02
237.473	2537.57	1068.57
238.918	2569.62	1075.52
240.507	2604.08	1082.74
241.948	2635.55	1089.31
243.386	2667.23	1095.88
244.968	2701.23	1102.69
246.407	2733.31	1109.27
247.99	2768.8	1116.5
249.43	2801.24	1123.06
250.87	2833.87	1129.62
252.456	2869.95	1136.81
253.9	2903.02	1143.37
255.345	2936.19	1149.89
256.936	2973.03	1157.11
258.384	3006.6	1163.62
259.839	3040.34	1170.09
261.442	3077.76	1177.23
262.905	3111.65	1183.57
264.37	3145.94	1189.98
265.982	3183.86	1197.02
267.448	3218.54	1203.42
268.914	3253.16	1209.74
270.522	3291.6	1216.76
271.979	3326.79	1223.18
273.436	3362.15	1229.59
275.035	3402.15	1236.99
276.492	3437.94	1243.41
277.948	3473.76	1249.79
279.543	3513.42	1256.84
280.983	3550.27	1263.52
282.417	3586.66	1269.99
283.991	3626.89	1277.12
285.415	3663.62	1283.61
286.84	3699.77	1289.84
288.392	3740.55	1297.04
289.796	3777.83	1303.62
291.188	3815.29	1310.25
292.705	3857.96	1318.04
294.082	3895.76	1324.72
295.453	3933.61	1331.38
296.955	3975.63	1338.8
298.32	4013.78	1345.46
299.677	4052.19	1352.19
301.175	4094.59	1359.54
302.529	4133.3	1366.25
303.888	4172.58	1373.07
305.381	4215.43	1380.38
306.741	4254.58	1387.03
308.103	4293.9	1393.66
309.601	4337.17	1400.89
310.967	4376.81	1407.48
312.471	4420.55	1414.71
313.841	4460.4	1421.23
315.213	4500.01	1427.61
316.726	4544.15	1434.73
318.101	4584.51	1441.21
319.471	4624.91	1447.68
320.975	4670.04	1454.95
322.345	4710.84	1461.43
323.718	4751.84	1467.89
325.225	4797.14	1475.02
326.595	4838.1	1481.38
327.958	4879.63	1487.88
329.456	4925.55	1495.05
330.809	4967.49	1501.62
332.163	5010.21	1508.36
333.655	5056.72	1515.56
335.015	5099.27	1522.1
336.377	5141.97	1528.63
337.879	5188.81	1535.7
339.245	5231.99	1542.25
340.61	5275.31	1548.78
342.115	5323.15	1555.95
343.484	5367.6	1562.69
344.854	5411.66	1569.26
346.357	5460.16	1576.45
347.727	5504.53	1583
349.1	5548.31	1589.32
350.61	5597.55	1596.52
351.988	5642.58	1603.06
353.365	5687.73	1609.59
354.888	5737.69	1616.76
356.274	5783.29	1623.27
357.664	5829.12	1629.77
359.193	5879.72	1636.92
360.586	5925.36	1643.26
361.982	5971.77	1649.74
363.453	6020.73	1656.54
364.924	6069.9	1663.33
366.326	6117.22	1669.88
367.871	6169.09	1676.97
369.275	6216.54	1683.45
370.686	6264.19	1689.89
372.244	6316.74	1696.94
373.664	6364.82	1703.35
375.087	6413.02	1709.74
376.652	6466.32	1716.79
378.072	6515.46	1723.34
379.502	6564.4	1729.74
381.079	6618.29	1736.72
382.517	6667.57	1743.08
383.958	6716.72	1749.34
385.541	6771.35	1756.32
386.984	6821.32	1762.69
388.428	6871.31	1769
390.02	6927.58	1776.21
391.47	6978.06	1782.53
392.92	7028.72	1788.84
394.517	7084.68	1795.79
395.966	7135.73	1802.11
397.418	7186.99	1808.42
399.016	7243.56	1815.36
400.469	7295.22	1821.67
401.923	7346.88	1827.93
403.378	7398.84	1834.22
404.981	7456.24	1841.13
406.437	7508.63	1847.43
407.893	7561.12	1853.7
409.492	7619.17	1860.64
410.941	7672.11	1866.96
412.391	7725.24	1873.28
413.982	7784.01	1880.28
415.428	7837.55	1886.62
416.868	7891.34	1893.01
418.451	7950.58	1900
419.885	8005	1906.47
421.318	8059.28	1912.87
422.893	8119.2	1919.92
424.32	8173.95	1926.36
425.745	8228.62	1932.76
427.308	8289.04	1939.83
428.725	8344.25	1946.29
430.28	8405.14	1953.41
431.835	8466.1	1960.49
433.103	8516.26	1966.34
434.508	8572.16	1972.84
436.05	8633.99	1980.05
2.65765	1.1392	42.8651
3.93749	2.31747	58.8566
5.35449	3.68646	68.848
6.65322	5.02361	75.5065
8.0941	6.61796	81.7628
9.41335	8.19473	87.0543
10.7404	9.90752	92.2457
12.0738	11.773	97.5086
13.5464	14.0022	103.365
14.8952	16.2014	108.769
16.3831	18.807	114.795
17.7419	21.3536	120.357
19.1074	24.0791	126.019
20.6154	27.2818	132.337
21.9915	30.3803	138.145
23.3689	33.6579	144.029
24.8878	37.4731	150.568
26.2679	41.1433	156.629
27.6533	44.9917	162.699
29.1782	49.4468	169.465
30.5679	53.6986	175.67
31.9597	58.147	181.938
33.4935	63.1668	188.594
34.889	68.0119	194.938
36.2815	73.0471	201.335
37.8139	78.8023	208.395
39.2052	84.2393	214.868
40.598	89.8498	221.316
42.1275	96.2513	228.476
43.5171	102.274	235.02
44.9058	108.483	241.579
46.4326	115.553	248.862
47.8202	122.168	255.474
49.2067	128.991	262.14
50.731	136.715	269.49
52.1164	143.936	276.181
53.5005	151.353	282.9
55.023	159.711	290.263
56.4088	167.52	296.975
57.797	175.524	303.691
59.3249	184.555	311.093
60.7172	192.973	317.822
62.113	201.578	324.534
63.6527	211.273	331.915
65.0533	220.289	338.629
66.4577	229.524	345.368
68.0098	239.886	352.723
69.4277	249.496	359.361
70.8541	259.318	365.988
72.4331	270.343	373.231
73.8781	280.608	379.826
75.47	292.073	387.005
76.9179	302.701	393.538
78.3652	313.534	400.094
79.8163	324.548	406.619
81.4181	336.887	413.774
82.877	348.295	420.256
84.3371	359.913	426.755
85.9422	372.921	433.92
87.3972	384.959	440.471
88.853	397.227	447.061
90.4562	410.856	454.204
91.9127	423.454	460.713
93.3663	436.241	467.236
94.9648	450.553	474.442
96.4212	463.801	481.015
97.8785	477.204	487.547
99.4805	492.185	494.755
100.937	506.001	501.301
102.394	520.007	507.847
104.008	535.643	515.003
105.481	550.058	521.474
106.953	564.674	527.966
108.568	580.969	535.119
110.04	596.015	541.633
111.518	611.215	548.085
113.148	628.169	555.176
114.629	643.79	561.631
116.117	659.663	568.103
117.753	677.325	575.207
119.245	693.548	581.618
120.738	709.984	588.034
122.388	728.296	595.071
123.895	745.127	601.42
125.404	762.184	607.781
127.071	781.096	614.693
128.589	798.525	620.992
130.113	816.143	627.255
131.789	835.749	634.157
133.317	853.813	640.439
134.849	871.994	646.643
136.538	892.247	653.478
138.079	910.872	659.673
139.628	929.678	665.827
141.338	950.628	672.592
142.897	969.824	678.686
144.463	989.237	684.771
146.194	1010.81	691.417
147.774	1030.62	697.428
149.513	1052.65	704.047
151.096	1072.86	710.053
152.68	1093.29	716.069
154.42	1115.99	722.698
156.003	1136.87	728.749
157.585	1157.86	734.749
159.171	1179.06	740.754
160.911	1202.62	747.379
162.49	1224.25	753.426
164.063	1246.06	759.502
165.79	1270.22	766.161
167.358	1292.43	772.255
168.924	1314.83	778.356
170.643	1339.7	785.086
172.205	1362.54	791.232
173.765	1385.5	797.34
175.474	1411.01	804.112
177.024	1434.38	810.275
178.567	1457.96	816.478
180.265	1484.18	823.334
181.807	1508.13	829.522
183.345	1532.28	835.736
185.035	1559.06	842.576
186.568	1583.63	848.82
188.097	1608.38	855.081
189.779	1635.79	861.945
191.311	1660.96	868.197
192.843	1686.28	874.43
194.528	1714.38	881.303
196.056	1740.13	887.568
197.581	1766.03	893.827
199.255	1794.76	900.733
200.774	1821.08	907.029
202.44	1850.26	913.976
203.952	1876.99	920.309
205.462	1903.89	926.637
207.12	1933.68	933.603
208.623	1960.98	939.964
210.119	1988.48	946.359
211.611	2016.13	952.749
213.252	2046.74	959.776
214.739	2074.75	966.171
216.228	2102.98	972.578
217.859	2134.3	979.669
219.342	2162.88	986.078
220.82	2191.68	992.522
222.442	2223.59	999.626
223.913	2252.8	1006.1
225.381	2282.22	1012.61
226.993	2314.74	1019.74
228.456	2344.52	1026.24
229.919	2374.48	1032.75
231.522	2407.65	1039.92
232.976	2438.03	1046.47
234.429	2468.5	1052.99
236.025	2502.3	1060.19
237.473	2533.23	1066.74
238.918	2564.32	1073.3
240.507	2598.75	1080.53
241.948	2630.21	1087.1
243.386	2661.86	1093.68
244.968	2696.92	1100.92
246.407	2728.97	1107.51
247.99	2764.43	1114.73
249.43	2796.84	1121.29
250.87	2829.45	1127.86
252.456	2865.51	1135.05
253.9	2898.55	1141.61
255.345	2931.69	1148.13
256.936	2968.35	1155.29
258.384	3001.89	1161.8
259.839	3035.61	1168.27
261.442	3072.99	1175.4
262.905	3107	1181.8
264.37	3141.26	1188.21
265.982	3179.16	1195.25
267.448	3213.8	1201.65
268.914	3248.67	1208.07
270.522	3287.08	1215.09
271.979	3322.24	1221.51
273.436	3357.58	1227.92
275.035	3396.66	1234.99
276.492	3432.42	1241.42
277.948	3468.2	1247.79
279.543	3507.84	1254.84
280.983	3544.02	1261.29
282.417	3580.39	1267.77
283.991	3620.58	1274.9
285.415	3657.29	1281.4
286.84	3694.15	1287.88
288.392	3734.89	1295.08
289.796	3772.14	1301.65
291.188	3809.57	1308.28
292.705	3850.91	1315.63
294.082	3888.68	1322.31
295.453	3926.49	1328.97
296.955	3968.47	1336.39
298.32	4006.61	1343.05
299.677	4044.99	1349.78
301.175	4087.35	1357.13
302.529	4126.03	1363.84
303.888	4164.93	1370.55
305.381	4207.74	1377.87
306.741	4246.86	1384.51
308.103	4286.15	1391.14
309.601	4329.53	1398.42
310.967	4369.13	1405.01
312.471	4412.83	1412.24
313.841	4452.65	1418.76
315.213	4492.61	1425.26
316.726	4536.72	1432.38
318.101	4577.04	1438.86
319.471	4617.4	1445.33
320.975	4662.07	1452.47
322.345	4702.84	1458.95
323.718	4743.8	1465.41
325.225	4789.06	1472.54
326.595	4830.37	1479.01
327.958	4871.87	1485.51
329.456	4917.74	1492.69
330.809	4959.65	1499.25
332.163	5001.73	1505.81
333.655	5048.21	1513
335.015	5090.72	1519.55
336.377	5133.39	1526.08
337.879	5180.63	1533.28
339.245	5223.77	1539.82
340.61	5267.06	1546.36
342.115	5314.86	1553.53
343.484	5358.57	1560.06
344.854	5402.6	1566.63
346.357	5451.07	1573.83
347.727	5495.4	1580.38
349.1	5539.96	1586.93
350.61	5589.17	1594.12
351.988	5634.16	1600.67
353.365	5679.28	1607.2
354.888	5729.19	1614.37
356.274	5774.76	1620.88
357.664	5820.56	1627.38
359.193	5871.13	1634.53
360.586	5917.31	1641.03
361.982	5963.7	1647.51
363.453	6012.63	1654.31
364.924	6061.78	1661.1
366.326	6108.87	1667.6
367.871	6160.71	1674.69
369.275	6208.13	1681.17
370.686	6255.76	1687.62
372.244	6308.38	1694.69
373.664	6356.43	1701.11
375.087	6404.61	1707.5
376.652	6457.88	1714.55
378.072	6506.53	1720.98
379.502	6555.45	1727.38
381.079	6609.32	1734.37
382.517	6658.57	1740.73
383.958	6707.97	1747.06
385.541	6762.58	1754.05
386.984	6812.53	1760.42
388.428	6862.5	1766.74
390.02	6917.74	1773.69
391.47	6968.21	1780.01
392.92	7018.85	1786.33
394.517	7074.79	1793.28
395.966	7125.77	1799.59
397.418	7177.01	1805.91
399.016	7233.57	1812.85
400.469	7285.21	1819.17
401.923	7337.11	1825.5
403.378	7389.06	1831.79
404.981	7446.44	1838.71
406.437	7498.81	1845.01
407.893	7551.39	1851.32
409.492	7609.43	1858.26
410.941	7662.36	1864.59
412.391	7715.48	1870.91
413.982	7774.15	1877.89
415.428	7827.69	1884.25
416.868	7881.47	1890.64
418.451	7940.69	1897.64
419.885	7994.75	1904.03
421.318	8049.02	1910.44
422.893	8108.93	1917.49
424.32	8163.67	1923.94
425.745	8218.43	1930.37
427.308	8278.85	1937.44
428.725	8334.05	1943.91
430.28	8394.94	1951.04
431.835	8456.04	1958.16
433.103	8506.19	1964.01
434.508	8562.09	1970.53
436.05	8623.71	1977.69
1.38683	0	0
2.65765	0.00729212	0.274383
3.93749	0.017195	0.436699
5.35449	0.023169	0.432703
6.65322	0.0358682	0.539111
8.0941	0.0534924	0.660882
9.41335	0.0701643	0.74537
10.7404	0.0900785	0.838691
12.0738	0.109795	0.909361
13.5464	0.13781	1.01732
14.8952	0.163267	1.09611
16.3831	0.188676	1.15165
17.7419	0.211409	1.19158
19.1074	0.236949	1.24009
20.6154	0.267058	1.29543
21.9915	0.293381	1.33406
23.3689	0.318889	1.36459
24.8878	0.346365	1.3917
26.2679	0.371594	1.41463
27.6533	0.405972	1.46808
29.1782	0.442544	1.51669
30.5679	0.479185	1.56761
31.9597	0.516265	1.61536
33.4935	0.511693	1.52774
34.889	0.551411	1.58047
36.2815	0.588814	1.62291
37.8139	0.63248	1.67261
39.2052	0.670291	1.7097
40.598	0.714322	1.7595
42.1275	0.761301	1.80714
43.5171	0.805718	1.8515
44.9058	0.853583	1.90083
46.4326	0.907253	1.95392
47.8202	0.96466	2.01726
49.2067	1.02178	2.07651
50.731	1.08657	2.14183
52.1164	1.14669	2.20024
53.5005	1.20391	2.25028
55.023	1.26979	2.30774
56.4088	1.33235	2.36195
57.797	1.39683	2.41678
59.3249	1.46855	2.47543
60.7172	1.5353	2.52861
62.113	1.60623	2.58598
63.6527	1.6852	2.6475
65.0533	1.75628	2.69975
66.4577	1.827	2.74911
68.0098	1.9094	2.80754
69.4277	1.98928	2.86525
70.8541	2.07132	2.92335
72.4331	2.17006	2.99595
73.8781	2.2624	3.06234
75.47	2.36762	3.13717
76.9179	2.45663	3.19384
78.3652	2.54143	3.24306
79.8163	2.63004	3.29512
81.4181	2.7307	3.35392
82.877	2.82696	3.41103
84.3371	2.92501	3.46824
85.9422	3.0354	3.53191
87.3972	3.13419	3.58615
88.853	3.22982	3.63502
90.4562	3.33655	3.68858
91.9127	3.4301	3.73191
93.3663	3.52528	3.77575
94.9648	3.63753	3.83039
96.4212	3.74668	3.88574
97.8785	3.86082	3.9445
99.4805	3.98344	4.00424
100.937	4.09444	4.05641
102.394	4.20651	4.10815
104.008	4.34165	4.17435
105.481	4.47527	4.24272
106.953	4.60683	4.30735
108.568	4.75001	4.37514
110.04	4.88381	4.4382
111.518	5.02771	4.50841
113.148	5.18879	4.58586
114.629	5.3374	4.65626
116.117	5.4939	4.73135
117.753	5.66547	4.8113
119.245	5.82246	4.88279
120.738	5.9785	4.95161
122.388	6.15434	5.02855
123.895	6.32087	5.10181
125.404	6.48484	5.17114
127.071	6.67487	5.25287
128.589	6.84732	5.32498
130.113	7.02655	5.40033
131.789	7.21983	5.47833
133.317	7.39527	5.54714
134.849	7.57964	5.62083
136.538	7.78095	5.69874
138.079	7.96847	5.77094
139.628	8.16378	5.84682
141.338	8.38283	5.93105
142.897	8.58968	6.01109
144.463	8.79822	6.09031
146.194	9.03496	6.18012
147.774	9.25577	6.26345
149.513	9.50077	6.35446
151.096	9.73069	6.44006
152.68	9.96437	6.52632
154.42	10.223	6.62022
156.003	10.46	6.70498
157.585	10.7068	6.79426
159.171	10.9589	6.88501
160.911	11.2394	6.98485
162.49	11.4958	7.07478
164.063	11.7541	7.16441
165.79	12.0487	7.26743
167.358	12.319	7.36089
168.924	12.5963	7.4568
170.643	12.9071	7.56381
172.205	13.1948	7.66225
173.765	13.4925	7.7648
175.474	13.8185	7.87496
177.024	14.1213	7.97709
178.567	14.4251	8.07825
180.265	14.7665	8.19158
181.807	15.0889	8.29937
183.345	15.4093	8.40453
185.035	15.7663	8.52073
186.568	16.0953	8.62701
188.097	16.427	8.73326
189.779	16.8024	8.85365
191.311	17.1504	8.96468
192.843	17.5069	9.07829
194.528	17.9024	9.203
196.056	18.2646	9.31604
197.581	18.6309	9.42952
199.255	19.0398	9.5555
200.774	19.4161	9.67062
202.44	19.8352	9.79803
203.952	20.2214	9.91477
205.462	20.6141	10.0331
207.12	21.0534	10.1648
208.623	21.4542	10.2837
210.119	21.8556	10.4015
211.611	22.2611	10.5198
213.252	22.7141	10.6513
214.739	23.1321	10.7722
216.228	23.5554	10.8938
217.859	24.0258	11.0281
219.342	24.4612	11.1521
220.82	24.9003	11.2763
222.442	25.3879	11.4132
223.913	25.8349	11.5379
225.381	26.2857	11.6627
226.993	26.7866	11.8006
228.456	27.2465	11.9264
229.919	27.7106	12.0523
231.522	28.2236	12.1905
232.976	28.6932	12.3159
234.429	29.1718	12.4438
236.025	29.7031	12.5847
237.473	30.1906	12.7133
238.918	30.6828	12.8424
240.507	31.2298	12.985
241.948	31.7318	13.1151
243.386	32.2372	13.2453
244.968	32.7981	13.3887
246.407	33.3133	13.5196
247.99	33.8865	13.6645
249.43	34.4125	13.7965
250.87	34.9421	13.9284
252.456	35.5316	14.0744
253.9	36.0702	14.2065
255.345	36.6144	14.3392
256.936	37.2176	14.4852
258.384	37.7683	14.6171
259.839	38.3262	14.75
261.442	38.9413	14.8948
262.905	39.5127	15.0293
264.37	40.0877	15.1635
265.982	40.7248	15.3111
267.448	41.31	15.446
268.914	41.8998	15.5811
270.522	42.555	15.7307
271.979	43.1511	15.8656
273.436	43.7554	16.0021
275.035	44.4238	16.1521
276.492	45.0427	16.2908
277.948	45.6711	16.4315
279.543	46.3654	16.5861
280.983	46.9971	16.726
282.417	47.6339	16.8665
283.991	48.3433	17.0229
285.415	48.9932	17.1656
286.84	49.6562	17.3114
288.392	50.3821	17.47
289.796	51.0448	17.614
291.188	51.7046	17.7564
292.705	52.4288	17.9119
294.082	53.0931	18.0539
295.453	53.7598	18.1957
296.955	54.4903	18.3497
298.32	55.1639	18.4915
299.677	55.8342	18.6315
301.175	56.5826	18.7873
302.529	57.261	18.9274
303.888	57.9454	19.068
305.381	58.7035	19.223
306.741	59.3976	19.3641
308.103	60.0953	19.5049
309.601	60.866	19.6595
310.967	61.5719	19.8001
312.471	62.3524	19.9546
313.841	63.0672	20.0953
315.213	63.7835	20.2351
316.726	64.5774	20.389
318.101	65.2998	20.528
319.471	66.021	20.6657
320.975	66.8151	20.8163
322.345	67.5436	20.9538
323.718	68.2805	21.0926
325.225	69.0945	21.2451
326.595	69.8402	21.3843
327.958	70.5846	21.5224
329.456	71.4068	21.6741
330.809	72.1505	21.8103
332.163	72.9001	21.9471
333.655	73.7301	22.0977
335.015	74.491	22.2351
336.377	75.2571	22.3728
337.879	76.1032	22.5238
339.245	76.8755	22.6608
340.61	77.6495	22.7972
342.115	78.5045	22.9468
343.484	79.2834	23.0821
344.854	80.0614	23.216
346.357	80.917	23.3623
347.727	81.6985	23.495
349.1	82.4825	23.6272
350.61	83.3467	23.7719
351.988	84.136	23.9031
353.365	84.9255	24.0334
354.888	85.8009	24.1769
356.274	86.599	24.3069
357.664	87.4013	24.4367
359.193	88.2853	24.5788
360.586	89.0908	24.7073
361.982	89.8996	24.8354
363.453	90.7548	24.9702
364.924	91.6094	25.1037
366.326	92.4242	25.23
367.871	93.3265	25.3694
369.275	94.1461	25.4949
370.686	94.9725	25.6208
372.244	95.8865	25.7591
373.664	96.7211	25.8845
375.087	97.5594	26.0098
376.652	98.4809	26.1464
378.072	99.3178	26.2696
379.502	100.161	26.3929
381.079	101.095	26.5286
382.517	101.946	26.6513
383.958	102.801	26.774
385.541	103.739	26.9075
386.984	104.594	27.0281
388.428	105.454	27.1488
390.02	106.402	27.281
391.47	107.265	27.4007
392.92	108.131	27.5198
394.517	109.084	27.6502
395.966	109.952	27.768
397.418	110.822	27.8855
399.016	111.782	28.0144
400.469	112.656	28.1309
401.923	113.531	28.2469
403.378	114.41	28.363
404.981	115.381	28.4905
406.437	116.265	28.606
407.893	117.152	28.7212
409.492	118.128	28.8473
410.941	119.015	28.9616
412.391	119.908	29.0762
413.982	120.891	29.202
415.428	121.788	29.3163
416.868	122.684	29.43
418.451	123.674	29.5553
419.885	124.576	29.669
421.318	125.481	29.783
422.893	126.48	29.9084
424.32	127.39	30.0221
425.745	128.305	30.1365
427.308	129.315	30.2627
428.725	130.235	30.3772
430.28	131.249	30.5031
431.835	132.269	30.6295
433.103	133.104	30.7326
434.508	134.034	30.8472
436.05	135.048	30.9708
