-5.000000	0.000000	0.000000	0.000000	0.000000	0.261799	0.000000	0.000000	0.000000	0.000000	0.000000	9.806650	0.000000	0.000000	0.000000
-5.000000	0.000000	0.000000	0.000000	0.000000	0.261799	0.000000	0.000000	0.000000	0.000000	0.000000	9.806650	0.000000	0.000000	0.000000
-5.000000	0.000000	0.000000	0.000000	0.000000	0.261799	0.000000	0.000000	0.000000	0.000000	0.000000	9.806650	0.000000	0.000000	0.000000
-5.000000	0.000000	0.000000	0.000000	0.000000	0.261799	0.000000	0.000000	0.000000	0.000000	0.000000	9.806650	0.000000	0.000000	0.000000
-5.000000	0.000000	0.000000	0.000000	0.000000	0.261799	0.000000	0.000000	0.000000	0.000000	0.000000	9.806650	0.000000	0.000000	0.000000
-5.000000	0.000000	0.000000	0.000000	0.000000	0.261799	0.000000	0.000000	0.000000	0.000000	0.000000	9.806650	0.000000	0.000000	0.000000
-5.000000	0.000000	0.000000	0.000000	0.000000	0.261799	0.000000	0.000000	0.000000	0.000000	0.000000	9.806650	0.000000	0.000000	0.000000
-5.000000	0.000000	0.000000	0.000000	0.000000	0.261799	0.000000	0.000000	0.000000	0.000000	0.000000	9.806650	0.000000	0.000000	0.000000
-5.000000	0.000000	0.000000	0.000000	0.000000	0.261799	0.000000	0.000000	0.000000	0.000000	0.000000	9.806650	0.000000	0.000000	0.000000
-5.000000	0.000000	0.000000	0.000000	0.000000	0.261799	0.000000	0.000000	0.000000	0.000000	0.000000	9.806650	0.000000	0.000000	0.000000
-5.000000	0.000000	0.000000	0.000000	0.000000	0.261799	0.000000	0.000000	0.000000	0.000000	0.000000	9.806650	0.000000	0.000000	0.000000
-5.000000	0.000000	0.000000	0.000000	0.000000	0.261799	0.000000	0.000000	0.000000	0.000000	0.000000	9.806650	0.000000	0.000000	0.000000
-5.000000	0.000000	0.000000	0.000000	0.000000	0.261799	0.000000	0.000000	0.000000	0.000000	0.000000	9.806650	0.000000	0.000000	0.000000
-5.000000	0.000000	0.000000	0.000000	0.000000	0.261799	0.000000	0.000000	0.000000	0.000000	0.000000	9.806650	0.000000	0.000000	0.000000
-5.000000	0.000000	0.000000	0.000000	0.000000	0.261799	0.000000	0.000000	0.000000	0.000000	0.000000	9.806650	0.000000	0.000000	0.000000
-5.000000	0.000000	0.000000	0.000000	0.000000	0.261799	0.000000	0.000000	0.000000	0.000000	0.000000	9.806650	0.000000	0.000000	0.000000
-5.000000	0.000000	0.000000	0.000000	0.000000	0.261799	0.000000	0.000000	0.000000	0.000000	0.000000	9.806650	0.000000	0.000000	0.000000
-5.000000	0.000000	0.000000	0.000000	0.000000	0.261799	0.000000	0.000000	0.000000	0.000000	0.000000	9.806650	0.000000	0.000000	0.000000
-5.000000	0.000000	0.000000	0.000000	0.000000	0.261799	0.000000	0.000000	0.000000	0.000000	0.000000	9.806650	0.000000	0.000000	0.000000
-5.000000	0.000000	0.000000	0.000000	0.000000	0.261799	0.000000	0.000000	0.000000	0.000000	0.000000	9.806650	0.000000	0.000000	0.000000
-5.000000	0.000000	0.000000	0.000000	0.000000	0.261799	0.000000	0.000000	0.000000	0.000000	0.000000	9.806650	0.000000	0.000000	0.000000
-5.000000	0.000000	0.000000	0.000000	0.000000	0.261799	0.000000	0.000000	0.000000	0.000000	0.000000	9.806650	0.000000	0.000000	0.000000
-5.000000	0.000000	0.000000	0.000000	0.000000	0.261799	0.000000	0.000000	0.000000	0.000000	0.000000	9.806650	0.000000	0.000000	0.000000
-5.000000	0.000000	0.000000	0.000000	0.000000	0.261799	0.000000	0.000000	0.000000	0.000000	0.000000	9.806650	0.000000	0.000000	0.000000
-5.000000	0.000000	0.000000	0.000000	0.000000	0.261799	0.000000	0.000000	0.000000	0.000000	0.000000	9.806650	0.000000	0.000000	0.000000
-5.000000	0.000000	0.000000	0.000000	0.000000	0.261799	0.000000	0.000000	0.000000	0.000000	0.000000	9.806650	0.000000	0.000000	0.000000
-5.000000	0.000000	0.000000	0.000000	0.000000	0.261799	0.000000	0.000000	0.000000	0.000000	0.000000	9.806650	0.000000	0.000000	0.000000
-5.000000	0.000000	0.000000	0.000000	0.000000	0.261799	0.000000	0.000000	0.000000	0.000000	0.000000	9.806650	0.000000	0.000000	0.000000
-5.000000	0.000000	0.000000	0.000000	0.000000	0.261799	0.000000	0.000000	0.000000	0.000000	0.000000	9.806650	0.000000	0.000000	0.000000
-5.000000	0.000000	0.000000	0.000000	0.000000	0.261799	0.000000	0.000000	0.000000	0.000000	0.000000	9.806650	0.000000	0.000000	0.000000
-5.000000	0.000000	0.000000	0.000000	0.000000	0.261799	0.000000	0.000000	0.000000	0.000000	0.000000	9.806650	0.000000	0.000000	0.000000
-5.000000	0.000000	0.000000	0.000000	0.000000	0.261799	0.000000	0.000000	0.000000	0.000000	0.000000	9.806650	0.000000	0.000000	0.000000
-5.000000	0.000000	0.000000	0.000000	0.000000	0.261799	0.000000	0.000000	0.000000	0.000000	0.000000	9.806650	0.000000	0.000000	0.000000
-5.000000	0.000000	0.000000	0.000000	0.000000	0.261799	0.000000	0.000000	0.000000	0.000000	0.000000	9.806650	0.000000	0.000000	0.000000
-5.000000	0.000000	0.000000	0.000000	0.000000	0.261799	0.000000	0.000000	0.000000	0.000000	0.000000	9.806650	0.000000	0.000000	0.000000
-5.000000	0.000000	0.000000	0.000000	0.000000	0.261799	0.000000	0.000000	0.000000	0.000000	0.000000	9.806650	0.000000	0.000000	0.000000
-5.000000	0.000000	0.000000	0.000000	0.000000	0.261799	0.000000	0.000000	0.000000	0.000000	0.000000	9.806650	0.000000	0.000000	0.000000
-5.000000	0.000000	0.000000	0.000000	0.000000	0.261799	0.000000	0.000000	0.000000	0.000000	0.000000	9.806650	0.000000	0.000000	0.000000
-5.000000	0.000000	0.000000	0.000000	0.000000	0.261799	0.000000	0.000000	0.000000	0.000000	0.000000	9.806650	0.000000	0.000000	0.000000
-5.000000	0.000000	0.000000	0.000000	0.000000	0.261799	0.000000	0.000000	0.000000	0.000000	0.000000	9.806650	0.000000	0.000000	0.000000
-5.000000	0.000000	0.000000	0.000000	0.000000	0.261799	0.000000	0.000000	0.000000	0.000000	0.000000	9.806650	0.000000	0.000000	0.000000
-5.000000	0.000000	0.000000	0.000000	0.000000	0.261799	0.000000	0.000000	0.000000	0.000000	0.000000	9.806650	0.000000	0.000000	0.000000
-5.000000	0.000000	0.000000	0.000000	0.000000	0.261799	0.000000	0.000000	0.000000	0.000000	0.000000	9.806650	0.000000	0.000000	0.000000
-5.000000	0.000000	0.000000	0.000000	0.000000	0.261799	0.000000	0.000000	0.000000	0.000000	0.000000	9.806650	0.000000	0.000000	0.000000
-5.000000	0.000000	0.000000	0.000000	0.000000	0.261799	0.000000	0.000000	0.000000	0.000000	0.000000	9.806650	0.000000	0.000000	0.000000
-5.000000	0.000000	0.000000	0.000000	0.000000	0.261799	0.000000	0.000000	0.000000	0.000000	0.000000	9.806650	0.000000	0.000000	0.000000
-5.000000	0.000000	0.000000	0.000000	0.000000	0.261799	0.000000	0.000000	0.000000	0.000000	0.000000	9.806650	0.000000	0.000000	0.000000
-5.000000	0.000000	0.000000	0.000000	0.000000	0.261799	0.000000	0.000000	0.000000	0.000000	0.000000	9.806650	0.000000	0.000000	0.000000
-5.000000	0.000000	0.000000	0.000000	0.000000	0.261799	0.000000	0.000000	0.000000	0.000000	0.000000	9.806650	0.000000	0.000000	0.000000
-5.000000	0.000000	0.000000	0.000000	0.000000	0.261799	0.000000	0.000000	0.000000	0.000000	0.000000	9.806650	0.000000	0.000000	0.000000
-5.000000	0.000000	0.000000	0.000000	0.000000	0.261799	0.000000	0.000000	0.000000	0.000000	0.000000	9.806650	0.000000	0.000000	0.000000
-5.000000	0.000000	0.000000	0.000000	0.000000	0.261799	0.000000	0.000000	0.000000	0.000000	0.000000	9.806650	0.000000	0.000000	0.000000
-5.000000	0.000000	0.000000	0.000000	0.000000	0.261799	0.000000	0.000000	0.000000	0.000000	0.000000	9.806650	0.000000	0.000000	0.000000
-5.000000	0.000000	0.000000	0.000000	0.000000	0.261799	0.000000	0.000000	0.000000	0.000000	0.000000	9.806650	0.000000	0.000000	0.000000
-5.000000	0.000000	0.000000	0.000000	0.000000	0.261799	0.000000	0.000000	0.000000	0.000000	0.000000	9.806650	0.000000	0.000000	0.000000
-5.000000	0.000000	0.000000	0.000000	0.000000	0.261799	0.000000	0.000000	0.000000	0.000000	0.000000	9.806650	0.000000	0.000000	0.000000
-5.000000	0.000000	0.000000	0.000000	0.000000	0.261799	0.000000	0.000000	0.000000	0.000000	0.000000	9.806650	0.000000	0.000000	0.000000
-5.000000	0.000000	0.000000	0.000000	0.000000	0.261799	0.000000	0.000000	0.000000	0.000000	0.000000	9.806650	0.000000	0.000000	0.000000
-5.000000	0.000000	0.000000	0.000000	0.000000	0.261799	0.000000	0.000000	0.000000	0.000000	0.000000	9.806650	0.000000	0.000000	0.000000
-5.000000	0.000000	0.000000	0.000000	0.000000	0.261799	0.000000	0.000000	0.000000	0.000000	0.000000	9.806650	0.000000	0.000000	0.000000
-5.000000	0.000000	0.000000	0.000000	0.000000	0.261799	0.000000	0.000000	0.000000	0.000000	0.000000	9.806650	0.000000	0.000000	0.000000
-5.000000	0.000000	0.000000	0.000000	0.000000	0.261799	0.000000	0.000000	0.000000	0.000000	0.000000	9.806650	0.000000	0.000000	0.000000
-5.000000	0.000000	0.000000	0.000000	0.000000	0.261799	0.000000	0.000000	0.000000	0.000000	0.000000	9.806650	0.000000	0.000000	0.000000
-5.000000	0.000000	0.000000	0.000000	0.000000	0.261799	0.000000	0.000000	0.000000	0.000000	0.000000	9.806650	0.000000	0.000000	0.000000
-5.000000	0.000000	0.000000	0.000000	0.000000	0.261799	0.000000	0.000000	0.000000	0.000000	0.000000	9.806650	0.000000	0.000000	0.000000
-5.000000	0.000000	0.000000	0.000000	0.000000	0.261799	0.000000	0.000000	0.000000	0.000000	0.000000	9.806650	0.000000	0.000000	0.000000
-5.000000	0.000000	0.000000	0.000000	0.000000	0.261799	0.000000	0.000000	0.000000	0.000000	0.000000	9.806650	0.000000	0.000000	0.000000
-5.000000	0.000000	0.000000	0.000000	0.000000	0.261799	0.000000	0.000000	0.000000	0.000000	0.000000	9.806650	0.000000	0.000000	0.000000
-5.000000	0.000000	0.000000	0.000000	0.000000	0.261799	0.000000	0.000000	0.000000	0.000000	0.000000	9.806650	0.000000	0.000000	0.000000
-5.000000	0.000000	0.000000	0.000000	0.000000	0.261799	0.000000	0.000000	0.000000	0.000000	0.000000	9.806650	0.000000	0.000000	0.000000
-5.000000	0.000000	0.000000	0.000000	0.000000	0.261799	0.000000	0.000000	0.000000	0.000000	0.000000	9.806650	0.000000	0.000000	0.000000
-5.000000	0.000000	0.000000	0.000000	0.000000	0.261799	0.000000	0.000000	0.000000	0.000000	0.000000	9.806650	0.000000	0.000000	0.000000
-5.000000	0.000000	0.000000	0.000000	0.000000	0.261799	0.000000	0.000000	0.000000	0.000000	0.000000	9.806650	0.000000	0.000000	0.000000
-5.000000	0.000000	0.000000	0.000000	0.000000	0.261799	0.000000	0.000000	0.000000	0.000000	0.000000	9.806650	0.000000	0.000000	0.000000
-5.000000	0.000000	0.000000	0.000000	0.000000	0.261799	0.000000	0.000000	0.000000	0.000000	0.000000	9.806650	0.000000	0.000000	0.000000
-5.000000	0.000000	0.000000	0.000000	0.000000	0.261799	0.000000	0.000000	0.000000	0.000000	0.000000	9.806650	0.000000	0.000000	0.000000
-5.000000	0.000000	0.000000	0.000000	0.000000	0.261799	0.000000	0.000000	0.000000	0.000000	0.000000	9.806650	0.000000	0.000000	0.000000
-5.000000	0.000000	0.000000	0.000000	0.000000	0.261799	0.000000	0.000000	0.000000	0.000000	0.000000	9.806650	0.000000	0.000000	0.000000
-5.000000	0.000000	0.000000	0.000000	0.000000	0.261799	0.000000	0.000000	0.000000	0.000000	0.000000	9.806650	0.000000	0.000000	0.000000
-5.000000	0.000000	0.000000	0.000000	0.000000	0.261799	0.000000	0.000000	0.000000	0.000000	0.000000	9.806650	0.000000	0.000000	0.000000
-5.000000	0.000000	0.000000	0.000000	0.000000	0.261799	0.000000	0.000000	0.000000	0.000000	0.000000	9.806650	0.000000	0.000000	0.000000
-5.000000	0.000000	0.000000	0.000000	0.000000	0.261799	0.000000	0.000000	0.000000	0.000000	0.000000	9.806650	0.000000	0.000000	0.000000
-5.000000	0.000000	0.000000	0.000000	0.000000	0.261799	0.000000	0.000000	0.000000	0.000000	0.000000	9.806650	0.000000	0.000000	0.000000
-5.000000	0.000000	0.000000	0.000000	0.000000	0.261799	0.000000	0.000000	0.000000	0.000000	0.000000	9.806650	0.000000	0.000000	0.000000
-5.000000	0.000000	0.000000	0.000000	0.000000	0.261799	0.000000	0.000000	0.000000	0.000000	0.000000	9.806650	0.000000	0.000000	0.000000
-5.000000	0.000000	0.000000	0.000000	0.000000	0.261799	0.000000	0.000000	0.000000	0.000000	0.000000	9.806650	0.000000	0.000000	0.000000
-5.000000	0.000000	0.000000	0.000000	0.000000	0.261799	0.000000	0.000000	0.000000	0.000000	0.000000	9.806650	0.000000	0.000000	0.000000
-5.000000	0.000000	0.000000	0.000000	0.000000	0.261799	0.000000	0.000000	0.000000	0.000000	0.000000	9.806650	0.000000	0.000000	0.000000
-5.000000	0.000000	0.000000	0.000000	0.000000	0.261799	0.000000	0.000000	0.000000	0.000000	0.000000	9.806650	0.000000	0.000000	0.000000
-5.000000	0.000000	0.000000	0.000000	0.000000	0.261799	0.000000	0.000000	0.000000	0.000000	0.000000	9.806650	0.000000	0.000000	0.000000
-5.000000	0.000000	0.000000	0.000000	0.000000	0.261799	0.000000	0.000000	0.000000	0.000000	0.000000	9.806650	0.000000	0.000000	0.000000
-5.000000	0.000000	0.000000	0.000000	0.000000	0.261799	0.000000	0.000000	0.000000	0.000000	0.000000	9.806650	0.000000	0.000000	0.000000
-5.000000	0.000000	0.000000	0.000000	0.000000	0.261799	0.000000	0.000000	0.000000	0.000000	0.000000	9.806650	0.000000	0.000000	0.000000
-5.000000	0.000000	0.000000	0.000000	0.000000	0.261799	0.000000	0.000000	0.000000	0.000000	0.000000	9.806650	0.000000	0.000000	0.000000
-5.000000	0.000000	0.000000	0.000000	0.000000	0.261799	0.000000	0.000000	0.000000	0.000000	0.000000	9.806650	0.000000	0.000000	0.000000
-5.000000	0.000000	0.000000	0.000000	0.000000	0.261799	0.000000	0.000000	0.000000	0.000000	0.000000	9.806650	0.000000	0.000000	0.000000
-5.000000	0.000000	0.000000	0.000000	0.000000	0.261799	0.000000	0.000000	0.000000	0.000000	0.000000	9.806650	0.000000	0.000000	0.000000
-5.000000	0.000000	0.000000	0.000000	0.000000	0.261799	0.000000	0.000000	0.000000	0.000000	0.000000	9.806650	0.000000	0.000000	0.000000
-5.000000	0.000000	0.000000	0.000000	0.000000	0.261799	0.000000	0.000000	0.000000	0.000000	0.000000	9.806650	0.000000	0.000000	0.000000
-5.000000	0.000000	0.000000	0.000000	0.000000	0.261799	0.000000	0.000000	0.000000	0.000000	0.000000	9.806650	0.000000	0.000000	0.000000
-5.000000	0.000000	0.000000	0.000000	0.000000	0.261799	0.000000	0.000000	0.000000	0.000000	0.000000	9.806650	0.000000	0.000000	0.000000
-5.000000	0.000000	0.000000	0.000000	0.000000	0.261799	0.000000	0.000000	0.000000	0.000000	0.000000	9.806650	0.000000	0.000000	0.000000
-5.000000	0.000000	0.000000	0.000000	0.000000	0.261799	0.000000	0.000000	0.000000	0.000000	0.000000	9.806650	0.000000	0.000000	0.000000
-5.000000	0.000000	0.000000	0.000000	0.000000	0.261799	0.000000	0.000000	0.000000	0.000000	0.000000	9.806650	0.000000	0.000000	0.000000
-5.000000	0.000000	0.000000	0.000000	0.000000	0.261799	0.000000	0.000000	0.000000	0.000000	0.000000	9.806650	0.000000	0.000000	0.000000
-5.000000	0.000000	0.000000	0.000000	0.000000	0.261799	0.000000	0.000000	0.000000	0.000000	0.000000	9.806650	0.000000	0.000000	0.000000
-5.000000	0.000000	0.000000	0.000000	0.000000	0.261799	0.000000	0.000000	0.000000	0.000000	0.000000	9.806650	0.000000	0.000000	0.000000
-5.000000	0.000000	0.000000	0.000000	0.000000	0.261799	0.000000	0.000000	0.000000	0.000000	0.000000	9.806650	0.000000	0.000000	0.000000
-5.000000	0.000000	0.000000	0.000000	0.000000	0.261799	0.000000	0.000000	0.000000	0.000000	0.000000	9.806650	0.000000	0.000000	0.000000
-5.000000	0.000000	0.000000	0.000000	0.000000	0.261799	0.000000	0.000000	0.000000	0.000000	0.000000	9.806650	0.000000	0.000000	0.000000
-5.000000	0.000000	0.000000	0.000000	0.000000	0.261799	0.000000	0.000000	0.000000	0.000000	0.000000	9.806650	0.000000	0.000000	0.000000
-5.000000	0.000000	0.000000	0.000000	0.000000	0.261799	0.000000	0.000000	0.000000	0.000000	0.000000	9.806650	0.000000	0.000000	0.000000
-5.000000	0.000000	0.000000	0.000000	0.000000	0.261799	0.000000	0.000000	0.000000	0.000000	0.000000	9.806650	0.000000	0.000000	0.000000
-5.000000	0.000000	0.000000	0.000000	0.000000	0.261799	0.000000	0.000000	0.000000	0.000000	0.000000	9.806650	0.000000	0.000000	0.000000
-5.000000	0.000000	0.000000	0.000000	0.000000	0.261799	0.000000	0.000000	0.000000	0.000000	0.000000	9.806650	0.000000	0.000000	0.000000
-5.000000	0.000000	0.000000	0.000000	0.000000	0.261799	0.000000	0.000000	0.000000	0.000000	0.000000	9.806650	0.000000	0.000000	0.000000
-5.000000	0.000000	0.000000	0.000000	0.000000	0.261799	0.000000	0.000000	0.000000	0.000000	0.000000	9.806650	0.000000	0.000000	0.000000
-5.000000	0.000000	0.000000	0.000000	0.000000	0.261799	0.000000	0.000000	0.000000	0.000000	0.000000	9.806650	0.000000	0.000000	0.000000
-5.000000	0.000000	0.000000	0.000000	0.000000	0.261799	0.000000	0.000000	0.000000	0.000000	0.000000	9.806650	0.000000	0.000000	0.000000
-5.000000	0.000000	0.000000	0.000000	0.000000	0.261799	0.000000	0.000000	0.000000	0.000000	0.000000	9.806650	0.000000	0.000000	0.000000
-5.000000	0.000000	0.000000	0.000000	0.000000	0.261799	0.000000	0.000000	0.000000	0.000000	0.000000	9.806650	0.000000	0.000000	0.000000
-5.000000	0.000000	0.000000	0.000000	0.000000	0.261799	0.000000	0.000000	0.000000	0.000000	0.000000	9.806650	0.000000	0.000000	0.000000
-5.000000	0.000000	0.000000	0.000000	0.000000	0.261799	0.000000	0.000000	0.000000	0.000000	0.000000	9.806650	0.000000	0.000000	0.000000
-5.000000	0.000000	0.000000	0.000000	0.000000	0.261799	0.000000	0.000000	0.000000	0.000000	0.000000	9.806650	0.000000	0.000000	0.000000
-5.000000	0.000000	0.000000	0.000000	0.000000	0.261799	0.000000	0.000000	0.000000	0.000000	0.000000	9.806650	0.000000	0.000000	0.000000
-5.000000	0.000000	0.000000	0.000000	0.000000	0.261799	0.000000	0.000000	0.000000	0.000000	0.000000	9.806650	0.000000	0.000000	0.000000
-5.000000	0.000000	0.000000	0.000000	0.000000	0.261799	0.000000	0.000000	0.000000	0.000000	0.000000	9.806650	0.000000	0.000000	0.000000
-5.000000	0.000000	0.000000	0.000000	0.000000	0.261799	0.000000	0.000000	0.000000	0.000000	0.000000	9.806650	0.000000	0.000000	0.000000
-5.000000	0.000000	0.000000	0.000000	0.000000	0.261799	0.000000	0.000000	0.000000	0.000000	0.000000	9.806650	0.000000	0.000000	0.000000
-5.000000	0.000000	0.000000	0.000000	0.000000	0.261799	0.000000	0.000000	0.000000	0.000000	0.000000	9.806650	0.000000	0.000000	0.000000
-5.000000	0.000000	0.000000	0.000000	0.000000	0.261799	0.000000	0.000000	0.000000	0.000000	0.000000	9.806650	0.000000	0.000000	0.000000
-5.000000	0.000000	0.000000	0.000000	0.000000	0.261799	0.000000	0.000000	0.000000	0.000000	0.000000	9.806650	0.000000	0.000000	0.000000
-5.000000	0.000000	0.000000	0.000000	0.000000	0.261799	0.000000	0.000000	0.000000	0.000000	0.000000	9.806650	0.000000	0.000000	0.000000
-5.000000	0.000000	0.000000	0.000000	0.000000	0.261799	0.000000	0.000000	0.000000	0.000000	0.000000	9.806650	0.000000	0.000000	0.000000
-5.000000	0.000000	0.000000	0.000000	0.000000	0.261799	0.000000	0.000000	0.000000	0.000000	0.000000	9.806650	0.000000	0.000000	0.000000
-5.000000	0.000000	0.000000	0.000000	0.000000	0.261799	0.000000	0.000000	0.000000	0.000000	0.000000	9.806650	0.000000	0.000000	0.000000
-5.000000	0.000000	0.000000	0.000000	0.000000	0.261799	0.000000	0.000000	0.000000	0.000000	0.000000	9.806650	0.000000	0.000000	0.000000
-5.000000	0.000000	0.000000	0.000000	0.000000	0.261799	0.000000	0.000000	0.000000	0.000000	0.000000	9.806650	0.000000	0.000000	0.000000
-5.000000	0.000000	0.000000	0.000000	0.000000	0.261799	0.000000	0.000000	0.000000	0.000000	0.000000	9.806650	0.000000	0.000000	0.000000
-5.000000	0.000000	0.000000	0.000000	0.000000	0.261799	0.000000	0.000000	0.000000	0.000000	0.000000	9.806650	0.000000	0.000000	0.000000
-5.000000	0.000000	0.000000	0.000000	0.000000	0.261799	0.000000	0.000000	0.000000	0.000000	0.000000	9.806650	0.000000	0.000000	0.000000
-5.000000	0.000000	0.000000	0.000000	0.000000	0.261799	0.000000	0.000000	0.000000	0.000000	0.000000	9.806650	0.000000	0.000000	0.000000
-5.000000	0.000000	0.000000	0.000000	0.000000	0.261799	0.000000	0.000000	0.000000	0.000000	0.000000	9.806650	0.000000	0.000000	0.000000
-5.000000	0.000000	0.000000	0.000000	0.000000	0.261799	0.000000	0.000000	0.000000	0.000000	0.000000	9.806650	0.000000	0.000000	0.000000
-5.000000	0.000000	0.000000	0.000000	0.000000	0.261799	0.000000	0.000000	0.000000	0.000000	0.000000	9.806650	0.000000	0.000000	0.000000
-5.000000	0.000000	0.000000	0.000000	0.000000	0.261799	0.000000	0.000000	0.007328	0.000000	0.000000	9.806650	0.000000	0.000000	0.000000
-5.000000	0.000000	0.000000	0.000000	0.000000	0.261799	0.000000	0.000000	0.014656	0.000000	0.000000	9.806650	0.000000	0.000000	0.000000
-5.000000	0.000000	0.000000	0.000000	0.000000	0.261799	0.000000	0.000000	0.021984	0.000000	0.000000	9.806650	0.000000	0.000000	0.000000
-5.000000	0.000000	0.000000	0.000000	0.000000	0.261799	0.000000	0.000000	0.029313	0.000000	0.000000	9.806650	0.000000	0.000000	0.000000
-5.000000	0.000000	0.000000	0.000000	0.000000	0.261799	0.000000	0.000000	0.036641	0.000000	0.000000	9.806650	0.000000	0.000000	0.000000
-5.000000	0.000000	0.000000	0.000000	0.000000	0.261799	0.000000	0.000000	0.043969	0.000000	0.000000	9.806650	0.000000	0.000000	0.000000
-5.000000	0.000000	0.000000	0.000000	0.000000	0.261799	0.000000	0.000000	0.051297	0.000000	0.000000	9.806650	0.000000	0.000000	0.000000
-5.000000	0.000000	0.000000	0.000000	0.000000	0.261799	0.000000	0.000000	0.058625	0.000000	0.000000	9.806650	0.000000	0.000000	0.000000
-5.000000	0.000000	0.000000	0.000000	0.000000	0.261799	0.000000	0.000000	0.065953	0.000000	0.000000	9.806650	0.000000	0.000000	0.000000
-5.000000	0.000000	0.000000	0.000000	0.000000	0.261799	0.000000	0.000000	0.073282	0.000000	0.000000	9.806650	0.000000	0.000000	0.000000
-5.000000	0.000000	0.000000	0.000000	0.000000	0.261799	0.000000	0.000000	0.080610	0.000000	0.000000	9.806650	0.000000	0.000000	0.000000
-5.000000	0.000000	0.000000	0.000000	0.000000	0.261799	0.000000	0.000000	0.087938	0.000000	0.000000	9.806650	0.000000	0.000000	0.000000
-5.000000	0.000000	0.000000	0.000000	0.000000	0.261799	0.000000	0.000000	0.095266	0.000000	0.000000	9.806650	0.000000	0.000000	0.000000
-5.000000	0.000000	0.000000	0.000000	0.000000	0.261799	0.000000	0.000000	0.102594	0.000000	0.000000	9.806650	0.000000	0.000000	0.000000
-5.000000	0.000000	0.000000	0.000000	0.000000	0.261799	0.000000	0.000000	0.109922	0.000000	0.000000	9.806650	0.000000	0.000000	0.000000
-5.000000	0.000000	0.000000	0.000000	0.000000	0.261799	0.000000	0.000000	0.117250	0.000000	0.000000	9.806650	0.000000	0.000000	0.000000
-5.000000	0.000000	0.000000	0.000000	0.000000	0.261799	0.000000	0.000000	0.124579	0.000000	0.000000	9.806650	0.000000	0.000000	0.000000
-5.000000	0.000000	0.000000	0.000000	0.000000	0.261799	0.000000	0.000000	0.131907	0.000000	0.000000	9.806650	0.000000	0.000000	0.000000
-5.000000	0.000000	0.000000	0.000000	0.000000	0.261799	0.000000	0.000000	0.139235	0.000000	0.000000	9.806650	0.000000	0.000000	0.000000
-5.000000	0.000000	0.000000	0.000000	0.000000	0.261799	0.000000	0.000000	0.146563	0.000000	0.000000	9.806650	0.000000	0.000000	0.000000
-5.000000	0.000000	0.000000	0.000000	0.000000	0.261799	0.000000	0.000000	0.153891	0.000000	0.000000	9.806650	0.000000	0.000000	0.000000
-5.000000	0.000000	0.000000	0.000000	0.000000	0.261799	0.000000	0.000000	0.161219	0.000000	0.000000	9.806650	0.000000	0.000000	0.000000
-5.000000	0.000000	0.000000	0.000000	0.000000	0.261799	0.000000	0.000000	0.168547	0.000000	0.000000	9.806650	0.000000	0.000000	0.000000
-5.000000	0.000000	0.000000	0.000000	0.000000	0.261799	0.000000	0.000000	0.175876	0.000000	0.000000	9.806650	0.000000	0.000000	0.000000
-5.000000	0.000000	0.000000	0.000000	0.000000	0.261799	0.000000	0.000000	0.183204	0.000000	0.000000	9.806650	0.000000	0.000000	0.000000
-5.000000	0.000000	0.000000	0.000000	0.000000	0.261799	0.000000	0.000000	0.190532	0.000000	0.000000	9.806650	0.000000	0.000000	0.000000
-5.000000	0.000000	0.000000	0.000000	0.000000	0.261799	0.000000	0.000000	0.197860	0.000000	0.000000	9.806650	0.000000	0.000000	0.000000
-5.000000	0.000000	0.000000	0.000000	0.000000	0.261799	0.000000	0.000000	0.205188	0.000000	0.000000	9.806650	0.000000	0.000000	0.000000
-5.000000	0.000000	0.000000	0.000000	0.000000	0.261799	0.000000	0.000000	0.212516	0.000000	0.000000	9.806650	0.000000	0.000000	0.000000
-5.000000	0.000000	0.000000	0.000000	0.000000	0.261799	0.000000	0.000000	0.219845	0.000000	0.000000	9.806650	0.000000	0.000000	0.000000
-5.000000	0.000000	0.000000	0.000000	0.000000	0.261799	0.000000	0.000000	0.227173	0.000000	0.000000	9.806650	0.000000	0.000000	0.000000
-5.000000	0.000000	0.000000	0.000000	0.000000	0.261799	0.000000	0.000000	0.234501	0.000000	0.000000	9.806650	0.000000	0.000000	0.000000
-5.000000	0.000000	0.000000	0.000000	0.000000	0.261799	0.000000	0.000000	0.241829	0.000000	0.000000	9.806650	0.000000	0.000000	0.000000
-5.000000	0.000000	0.000000	0.000000	0.000000	0.261799	0.000000	0.000000	0.249157	0.000000	0.000000	9.806650	0.000000	0.000000	0.000000
-4.999998	-0.000856	0.000000	0.000000	0.000000	0.261799	0.000000	0.000000	0.256485	0.000114	-0.042802	9.806650	0.000000	0.000000	0.000000
-4.999966	-0.004076	0.000000	0.000000	0.000000	0.261800	0.000000	0.000000	0.263813	0.001607	-0.160987	9.806650	0.000000	0.000000	0.000000
-4.999869	-0.009659	0.000000	0.000000	0.000000	0.261804	0.000000	0.000000	0.271142	0.004832	-0.279138	9.806650	0.000000	0.000000	0.000000
-4.999673	-0.017603	0.000000	0.000000	0.000000	0.261810	0.000000	0.000000	0.278470	0.009789	-0.397229	9.806650	0.000000	0.000000	0.000000
-4.999344	-0.027908	0.000000	0.000000	0.000000	0.261821	0.000000	0.000000	0.285798	0.016476	-0.515235	9.806650	0.000000	0.000000	0.000000
-4.998846	-0.040570	0.000000	0.000000	0.000000	0.261839	0.000000	0.000000	0.293126	0.024891	-0.633130	9.806650	0.000000	0.000000	0.000000
-4.998145	-0.055588	0.000000	0.000000	0.000000	0.261863	0.000000	0.000000	0.300454	0.035034	-0.750889	9.806650	0.000000	0.000000	0.000000
-4.997207	-0.072958	0.000000	0.000000	0.000000	0.261897	0.000000	0.000000	0.307782	0.046901	-0.868486	9.806650	0.000000	0.000000	0.000000
-4.995997	-0.092676	0.000000	0.000000	0.000000	0.261941	0.000000	0.000000	0.315111	0.060490	-0.985898	9.806650	0.000000	0.000000	0.000000
-4.994481	-0.114738	0.000000	0.000000	0.000000	0.261998	0.000000	0.000000	0.322439	0.075799	-1.103097	9.806650	0.000000	0.000000	0.000000
-4.992625	-0.139139	0.000000	0.000000	0.000000	0.262069	0.000000	0.000000	0.329767	0.092824	-1.220059	9.806650	0.000000	0.000000	0.000000
-4.990394	-0.165874	0.000000	0.000000	0.000000	0.262155	0.000000	0.000000	0.337095	0.111561	-1.336760	9.806650	0.000000	0.000000	0.000000
-4.987753	-0.194938	0.000000	0.000000	0.000000	0.262260	0.000000	0.000000	0.344423	0.132006	-1.453173	9.806650	0.000000	0.000000	0.000000
-4.984670	-0.226323	0.000000	0.000000	0.000000	0.262385	0.000000	0.000000	0.351751	0.154156	-1.569274	9.806650	0.000000	0.000000	0.000000
-4.981110	-0.260024	0.000000	0.000000	0.000000	0.262532	0.000000	0.000000	0.359079	0.178004	-1.685038	9.806650	0.000000	0.000000	0.000000
-4.977039	-0.296033	0.000000	0.000000	0.000000	0.262704	0.000000	0.000000	0.366408	0.203547	-1.800440	9.806650	0.000000	0.000000	0.000000
-4.972424	-0.334342	0.000000	0.000000	0.000000	0.262902	0.000000	0.000000	0.373736	0.230778	-1.915455	9.806650	0.000000	0.000000	0.000000
-4.967230	-0.374943	0.000000	0.000000	0.000000	0.263130	0.000000	0.000000	0.381064	0.259692	-2.030059	9.806650	0.000000	0.000000	0.000000
-4.961424	-0.417827	0.000000	0.000000	0.000000	0.263391	0.000000	0.000000	0.388392	0.290282	-2.144227	9.806650	0.000000	0.000000	0.000000
-4.954973	-0.462986	0.000000	0.000000	0.000000	0.263686	0.000000	0.000000	0.395720	0.322543	-2.257934	9.806650	0.000000	0.000000	0.000000
-4.947844	-0.510409	0.000000	0.000000	0.000000	0.264020	0.000000	0.000000	0.403048	0.356466	-2.371156	9.806650	0.000000	0.000000	0.000000
-4.940003	-0.560087	0.000000	0.000000	0.000000	0.264394	0.000000	0.000000	0.410377	0.392045	-2.483869	9.806650	0.000000	0.000000	0.000000
-4.931418	-0.612008	0.000000	0.000000	0.000000	0.264812	0.000000	0.000000	0.417705	0.429272	-2.596048	9.806650	0.000000	0.000000	0.000000
-4.922055	-0.666161	0.000000	0.000000	0.000000	0.265279	0.000000	0.000000	0.425033	0.468139	-2.707670	9.806650	0.000000	0.000000	0.000000
-4.911882	-0.722535	0.000000	0.000000	0.000000	0.265796	0.000000	0.000000	0.432361	0.508638	-2.818710	9.806650	0.000000	0.000000	0.000000
-4.900867	-0.781118	0.000000	0.000000	0.000000	0.266368	0.000000	0.000000	0.439689	0.550760	-2.929144	9.806650	0.000000	0.000000	0.000000
-4.888977	-0.841897	0.000000	0.000000	0.000000	0.266998	0.000000	0.000000	0.447017	0.594496	-3.038950	9.806650	0.000000	0.000000	0.000000
-4.876180	-0.904859	0.000000	0.000000	0.000000	0.267691	0.000000	0.000000	0.454345	0.639836	-3.148102	9.806650	0.000000	0.000000	0.000000
-4.862445	-0.969991	0.000000	0.000000	0.000000	0.268450	0.000000	0.000000	0.461674	0.686771	-3.256578	9.806650	0.000000	0.000000	0.000000
-4.847739	-1.037278	0.000000	0.000000	0.000000	0.269281	0.000000	0.000000	0.469002	0.735292	-3.364355	9.806650	0.000000	0.000000	0.000000
-4.832031	-1.106706	0.000000	0.000000	0.000000	0.270187	0.000000	0.000000	0.476330	0.785386	-3.471409	9.806650	0.000000	0.000000	0.000000
-4.815293	-1.177404	0.000000	0.000000	0.000000	0.271173	0.000000	0.000000	0.483658	0.836930	-3.534916	9.806650	0.000000	0.000000	0.000000
-4.797520	-1.247850	0.000000	0.000000	0.000000	0.272242	0.000000	0.000000	0.490986	0.888647	-3.522271	9.806650	0.000000	0.000000	0.000000
-4.778716	-1.318027	0.000000	0.000000	0.000000	0.273400	0.000000	0.000000	0.498314	0.940174	-3.508869	9.806650	0.000000	0.000000	0.000000
-4.758886	-1.387921	0.000000	0.000000	0.000000	0.274648	0.000000	0.000000	0.505642	0.991498	-3.494713	9.806650	0.000000	0.000000	0.000000
-4.738034	-1.457517	0.000000	0.000000	0.000000	0.275993	0.000000	0.000000	0.512971	1.042609	-3.479806	9.806650	0.000000	0.000000	0.000000
-4.716164	-1.526801	0.000000	0.000000	0.000000	0.277436	0.000000	0.000000	0.520299	1.093496	-3.464152	9.806650	0.000000	0.000000	0.000000
-4.693281	-1.595756	0.000000	0.000000	0.000000	0.278984	0.000000	0.000000	0.527627	1.144149	-3.447754	9.806650	0.000000	0.000000	0.000000
-4.669390	-1.664368	0.000000	0.000000	0.000000	0.280639	0.000000	0.000000	0.534955	1.194555	-3.430615	9.806650	0.000000	0.000000	0.000000
-4.644496	-1.732623	0.000000	0.000000	0.000000	0.282406	0.000000	0.000000	0.542283	1.244705	-3.412740	9.806650	0.000000	0.000000	0.000000
-4.618604	-1.800505	0.000000	0.000000	0.000000	0.284289	0.000000	0.000000	0.549611	1.294588	-3.394131	9.806650	0.000000	0.000000	0.000000
-4.591721	-1.868001	0.000000	0.000000	0.000000	0.286292	0.000000	0.000000	0.556940	1.344193	-3.374793	9.806650	0.000000	0.000000	0.000000
-4.563850	-1.935096	0.000000	0.000000	0.000000	0.288421	0.000000	0.000000	0.564268	1.393509	-3.354731	9.806650	0.000000	0.000000	0.000000
-4.535000	-2.001775	0.000000	0.000000	0.000000	0.290678	0.000000	0.000000	0.571596	1.442525	-3.333948	9.806650	0.000000	0.000000	0.000000
-4.505175	-2.068024	0.000000	0.000000	0.000000	0.293068	0.000000	0.000000	0.578924	1.491232	-3.312448	9.806650	0.000000	0.000000	0.000000
-4.474383	-2.133828	0.000000	0.000000	0.000000	0.295596	0.000000	0.000000	0.586252	1.539618	-3.290237	9.806650	0.000000	0.000000	0.000000
-4.442629	-2.199175	0.000000	0.000000	0.000000	0.298264	0.000000	0.000000	0.593580	1.587674	-3.267320	9.806650	0.000000	0.000000	0.000000
-4.409922	-2.264049	0.000000	0.000000	0.000000	0.301078	0.000000	0.000000	0.600908	1.635388	-3.243700	9.806650	0.000000	0.000000	0.000000
-4.376267	-2.328437	0.000000	0.000000	0.000000	0.304041	0.000000	0.000000	0.608237	1.682752	-3.219384	9.806650	0.000000	0.000000	0.000000
-4.341672	-2.392324	0.000000	0.000000	0.000000	0.307156	0.000000	0.000000	0.615565	1.729754	-3.194376	9.806650	0.000000	0.000000	0.000000
-4.306144	-2.455698	0.000000	0.000000	0.000000	0.310426	0.000000	0.000000	0.622893	1.776384	-3.168682	9.806650	0.000000	0.000000	0.000000
-4.269691	-2.518544	0.000000	0.000000	0.000000	0.313856	0.000000	0.000000	0.630221	1.822633	-3.142307	9.806650	0.000000	0.000000	0.000000
-4.232321	-2.580849	0.000000	0.000000	0.000000	0.317448	0.000000	0.000000	0.637549	1.868490	-3.115258	9.806650	0.000000	0.000000	0.000000
-4.194043	-2.642600	0.000000	0.000000	0.000000	0.321204	0.000000	0.000000	0.644877	1.913946	-3.087539	9.806650	0.000000	0.000000	0.000000
-4.154863	-2.703783	0.000000	0.000000	0.000000	0.325127	0.000000	0.000000	0.652206	1.958990	-3.059157	9.806650	0.000000	0.000000	0.000000
-4.114790	-2.764385	0.000000	0.000000	0.000000	0.329219	0.000000	0.000000	0.659534	2.003614	-3.030118	9.806650	0.000000	0.000000	0.000000
-4.073834	-2.824394	0.000000	0.000000	0.000000	0.333481	0.000000	0.000000	0.666862	2.047808	-3.000428	9.806650	0.000000	0.000000	0.000000
-4.032003	-2.883796	0.000000	0.000000	0.000000	0.337914	0.000000	0.000000	0.674190	2.091561	-2.970094	9.806650	0.000000	0.000000	0.000000
-3.989306	-2.942578	0.000000	0.000000	0.000000	0.342520	0.000000	0.000000	0.681518	2.134866	-2.939121	9.806650	0.000000	0.000000	0.000000
-3.945751	-3.000728	0.000000	0.000000	0.000000	0.347299	0.000000	0.000000	0.688846	2.177712	-2.907517	9.806650	0.000000	0.000000	0.000000
-3.901350	-3.058234	0.000000	0.000000	0.000000	0.352250	0.000000	0.000000	0.696174	2.220090	-2.875289	9.806650	0.000000	0.000000	0.000000
-3.856110	-3.115083	0.000000	0.000000	0.000000	0.357373	0.000000	0.000000	0.703503	2.261991	-2.842443	9.806650	0.000000	0.000000	0.000000
-3.810042	-3.171263	0.000000	0.000000	0.000000	0.362668	0.000000	0.000000	0.710831	2.303406	-2.808987	9.806650	0.000000	0.000000	0.000000
-3.763155	-3.226761	0.000000	0.000000	0.000000	0.368131	0.000000	0.000000	0.718159	2.344327	-2.774927	9.806650	0.000000	0.000000	0.000000
-3.715460	-3.281567	0.000000	0.000000	0.000000	0.373762	0.000000	0.000000	0.725487	2.384744	-2.740271	9.806650	0.000000	0.000000	0.000000
-3.666967	-3.335667	0.000000	0.000000	0.000000	0.379558	0.000000	0.000000	0.725487	2.424648	-2.705026	9.806650	0.000000	0.000000	0.000000
-3.617687	-3.389051	0.000000	0.000000	0.000000	0.385516	0.000000	0.000000	0.725487	2.464032	-2.669200	9.806650	0.000000	0.000000	0.000000
-3.567629	-3.441707	0.000000	0.000000	0.000000	0.391632	0.000000	0.000000	0.718159	2.502887	-2.632801	9.806650	0.000000	0.000000	0.000000
-3.516805	-3.493624	0.000000	0.000000	0.000000	0.397902	0.000000	0.000000	0.710831	2.541204	-2.595837	9.806650	0.000000	0.000000	0.000000
-3.465225	-3.544790	0.000000	0.000000	0.000000	0.404322	0.000000	0.000000	0.703503	2.578975	-2.558315	9.806650	0.000000	0.000000	0.000000
-3.412902	-3.595195	0.000000	0.000000	0.000000	0.410887	0.000000	0.000000	0.696174	2.616192	-2.520243	9.806650	0.000000	0.000000	0.000000
-3.359845	-3.644828	0.000000	0.000000	0.000000	0.417591	0.000000	0.000000	0.688846	2.652847	-2.481630	9.806650	0.000000	0.000000	0.000000
-3.306066	-3.693678	0.000000	0.000000	0.000000	0.424429	0.000000	0.000000	0.681518	2.688932	-2.442484	9.806650	0.000000	0.000000	0.000000
-3.251577	-3.741734	0.000000	0.000000	0.000000	0.431394	0.000000	0.000000	0.674190	2.724440	-2.402813	9.806650	0.000000	0.000000	0.000000
-3.196390	-3.788986	0.000000	0.000000	0.000000	0.438480	0.000000	0.000000	0.666862	2.759362	-2.362626	9.806650	0.000000	0.000000	0.000000
-3.140516	-3.835425	0.000000	0.000000	0.000000	0.445680	0.000000	0.000000	0.659534	2.793692	-2.321932	9.806650	0.000000	0.000000	0.000000
-3.083968	-3.881040	0.000000	0.000000	0.000000	0.452986	0.000000	0.000000	0.652206	2.827422	-2.280739	9.806650	0.000000	0.000000	0.000000
-3.026757	-3.925821	0.000000	0.000000	0.000000	0.460392	0.000000	0.000000	0.644877	2.860544	-2.239056	9.806650	0.000000	0.000000	0.000000
-2.968896	-3.969759	0.000000	0.000000	0.000000	0.467889	0.000000	0.000000	0.637549	2.893052	-2.196892	9.806650	0.000000	0.000000	0.000000
-2.910397	-4.012844	0.000000	0.000000	0.000000	0.475469	0.000000	0.000000	0.630221	2.924939	-2.154256	9.806650	0.000000	0.000000	0.000000
-2.851273	-4.055067	0.000000	0.000000	0.000000	0.483124	0.000000	0.000000	0.622893	2.956197	-2.111157	9.806650	0.000000	0.000000	0.000000
-2.791537	-4.096419	0.000000	0.000000	0.000000	0.490847	0.000000	0.000000	0.615565	2.986820	-2.067605	9.806650	0.000000	0.000000	0.000000
-2.731201	-4.136891	0.000000	0.000000	0.000000	0.498628	0.000000	0.000000	0.608237	3.016801	-2.023609	9.806650	0.000000	0.000000	0.000000
-2.670278	-4.176475	0.000000	0.000000	0.000000	0.506459	0.000000	0.000000	0.600908	3.046135	-1.979178	9.806650	0.000000	0.000000	0.000000
-2.608782	-4.215161	0.000000	0.000000	0.000000	0.514333	0.000000	0.000000	0.593580	3.074814	-1.934322	9.806650	0.000000	0.000000	0.000000
-2.546725	-4.252942	0.000000	0.000000	0.000000	0.522239	0.000000	0.000000	0.586252	3.102833	-1.889051	9.806650	0.000000	0.000000	0.000000
-2.484121	-4.289810	0.000000	0.000000	0.000000	0.530171	0.000000	0.000000	0.578924	3.130185	-1.843373	9.806650	0.000000	0.000000	0.000000
-2.420984	-4.325756	0.000000	0.000000	0.000000	0.538120	0.000000	0.000000	0.571596	3.156865	-1.797300	9.806650	0.000000	0.000000	0.000000
-2.357327	-4.360773	0.000000	0.000000	0.000000	0.546077	0.000000	0.000000	0.564268	3.182867	-1.750841	9.806650	0.000000	0.000000	0.000000
-2.293163	-4.394853	0.000000	0.000000	0.000000	0.554036	0.000000	0.000000	0.556940	3.208185	-1.704005	9.806650	0.000000	0.000000	0.000000
-2.228507	-4.427989	0.000000	0.000000	0.000000	0.561987	0.000000	0.000000	0.549611	3.232814	-1.656804	9.806650	0.000000	0.000000	0.000000
-2.163372	-4.460174	0.000000	0.000000	0.000000	0.569925	0.000000	0.000000	0.542283	3.256749	-1.609246	9.806650	0.000000	0.000000	0.000000
-2.097772	-4.491401	0.000000	0.000000	0.000000	0.577841	0.000000	0.000000	0.534955	3.279984	-1.561343	9.806650	0.000000	0.000000	0.000000
-2.031722	-4.521663	0.000000	0.000000	0.000000	0.585728	0.000000	0.000000	0.527627	3.302514	-1.513105	9.806650	0.000000	0.000000	0.000000
-1.965235	-4.550953	0.000000	0.000000	0.000000	0.593581	0.000000	0.000000	0.520299	3.324335	-1.464542	9.806650	0.000000	0.000000	0.000000
-1.898326	-4.579267	0.000000	0.000000	0.000000	0.601392	0.000000	0.000000	0.515384	3.345442	-1.415664	9.806650	0.000000	0.000000	0.000000
-1.831010	-4.606596	0.000000	0.000000	0.000000	0.609156	0.000000	0.000000	0.510469	3.365830	-1.366481	9.806650	0.000000	0.000000	0.000000
-1.763300	-4.632936	0.000000	0.000000	0.000000	0.616866	0.000000	0.000000	0.505554	3.385496	-1.317006	9.806650	0.000000	0.000000	0.000000
-1.695211	-4.658281	0.000000	0.000000	0.000000	0.624519	0.000000	0.000000	0.500639	3.404434	-1.267247	9.806650	0.000000	0.000000	0.000000
-1.626758	-4.682626	0.000000	0.000000	0.000000	0.632107	0.000000	0.000000	0.495724	3.422641	-1.217217	9.806650	0.000000	0.000000	0.000000
-1.557956	-4.705964	0.000000	0.000000	0.000000	0.639628	0.000000	0.000000	0.490809	3.440112	-1.166924	9.806650	0.000000	0.000000	0.000000
-1.489316	-4.728249	0.000000	0.000000	0.000000	0.647035	0.000000	0.000000	0.485893	3.432008	-1.114222	9.806650	0.000000	0.000000	0.000000
-1.422713	-4.749334	0.000000	0.000000	0.000000	0.654174	0.000000	0.000000	0.480978	3.330162	-1.054244	9.806650	0.000000	0.000000	0.000000
-1.358164	-4.769249	0.000000	0.000000	0.000000	0.661045	0.000000	0.000000	0.476063	3.227447	-0.995765	9.806650	0.000000	0.000000	0.000000
-1.295686	-4.788025	0.000000	0.000000	0.000000	0.667648	0.000000	0.000000	0.471148	3.123886	-0.938798	9.806650	0.000000	0.000000	0.000000
-1.235296	-4.805692	0.000000	0.000000	0.000000	0.673983	0.000000	0.000000	0.466233	3.019502	-0.883355	9.806650	0.000000	0.000000	0.000000
-1.177009	-4.822281	0.000000	0.000000	0.000000	0.680052	0.000000	0.000000	0.461318	2.914316	-0.829448	9.806650	0.000000	0.000000	0.000000
-1.120842	-4.837823	0.000000	0.000000	0.000000	0.685854	0.000000	0.000000	0.456403	2.808352	-0.777088	9.806650	0.000000	0.000000	0.000000
-1.066810	-4.852348	0.000000	0.000000	0.000000	0.691391	0.000000	0.000000	0.451488	2.701631	-0.726287	9.806650	0.000000	0.000000	0.000000
-1.014926	-4.865889	0.000000	0.000000	0.000000	0.696665	0.000000	0.000000	0.446573	2.594178	-0.677055	9.806650	0.000000	0.000000	0.000000
-0.965206	-4.878478	0.000000	0.000000	0.000000	0.701678	0.000000	0.000000	0.441658	2.486014	-0.629403	9.806650	0.000000	0.000000	0.000000
-0.917663	-4.890144	0.000000	0.000000	0.000000	0.706430	0.000000	0.000000	0.436743	2.377164	-0.583342	9.806650	0.000000	0.000000	0.000000
-0.872310	-4.900922	0.000000	0.000000	0.000000	0.710924	0.000000	0.000000	0.431828	2.267650	-0.538881	9.806650	0.000000	0.000000	0.000000
-0.829160	-4.910843	0.000000	0.000000	0.000000	0.715163	0.000000	0.000000	0.426913	2.157496	-0.496030	9.806650	0.000000	0.000000	0.000000
-0.788225	-4.919939	0.000000	0.000000	0.000000	0.719149	0.000000	0.000000	0.421998	2.046726	-0.454797	9.806650	0.000000	0.000000	0.000000
-0.749518	-4.928242	0.000000	0.000000	0.000000	0.722885	0.000000	0.000000	0.417083	1.935364	-0.415193	9.806650	0.000000	0.000000	0.000000
-0.713049	-4.935787	0.000000	0.000000	0.000000	0.726372	0.000000	0.000000	0.412168	1.823434	-0.377225	9.806650	0.000000	0.000000	0.000000
-0.678830	-4.942605	0.000000	0.000000	0.000000	0.729615	0.000000	0.000000	0.407253	1.710959	-0.340901	9.806650	0.000000	0.000000	0.000000
-0.646871	-4.948730	0.000000	0.000000	0.000000	0.732616	0.000000	0.000000	0.402338	1.597963	-0.306230	9.806650	0.000000	0.000000	0.000000
-0.617181	-4.954194	0.000000	0.000000	0.000000	0.735377	0.000000	0.000000	0.397423	1.484472	-0.273218	9.806650	0.000000	0.000000	0.000000
-0.589771	-4.959031	0.000000	0.000000	0.000000	0.737903	0.000000	0.000000	0.392508	1.370509	-0.241874	9.806650	0.000000	0.000000	0.000000
-0.564649	-4.963275	0.000000	0.000000	0.000000	0.740197	0.000000	0.000000	0.387593	1.256099	-0.212203	9.806650	0.000000	0.000000	0.000000
-0.541824	-4.966960	0.000000	0.000000	0.000000	0.742261	0.000000	0.000000	0.382678	1.141266	-0.184211	9.806650	0.000000	0.000000	0.000000
-0.521303	-4.970118	0.000000	0.000000	0.000000	0.744099	0.000000	0.000000	0.377763	1.026036	-0.157906	9.806650	0.000000	0.000000	0.000000
-0.503095	-4.972784	0.000000	0.000000	0.000000	0.745714	0.000000	0.000000	0.372847	0.910432	-0.133293	9.806650	0.000000	0.000000	0.000000
-0.487205	-4.974991	0.000000	0.000000	0.000000	0.747111	0.000000	0.000000	0.367932	0.794480	-0.110376	9.806650	0.000000	0.000000	0.000000
-0.473641	-4.976774	0.000000	0.000000	0.000000	0.748291	0.000000	0.000000	0.363017	0.678205	-0.089161	9.806650	0.000000	0.000000	0.000000
-0.462408	-4.978167	0.000000	0.000000	0.000000	0.749260	0.000000	0.000000	0.358102	0.561631	-0.069653	9.806650	0.000000	0.000000	0.000000
-0.453513	-4.979205	0.000000	0.000000	0.000000	0.750020	0.000000	0.000000	0.353187	0.444783	-0.051855	9.806650	0.000000	0.000000	0.000000
-0.446387	-4.979970	0.000000	0.000000	0.000000	0.750621	0.000000	0.000000	0.348272	0.356303	-0.038253	9.806650	0.000000	0.000000	0.000000
-0.440831	-4.980511	0.000000	0.000000	0.000000	0.751084	0.000000	0.000000	0.343357	0.277773	-0.027088	9.806650	0.000000	0.000000	0.000000
-0.436850	-4.980860	0.000000	0.000000	0.000000	0.751411	0.000000	0.000000	0.338442	0.199061	-0.017456	9.806650	0.000000	0.000000	0.000000
-0.433949	-4.981091	0.000000	0.000000	0.000000	0.751647	0.000000	0.000000	0.333527	0.145027	-0.011521	9.806650	0.000000	0.000000	0.000000
-0.430272	-4.981374	0.000000	0.000000	0.000000	0.751946	0.000000	0.000000	0.328612	0.183858	-0.014159	9.806650	0.000000	0.000000	0.000000
-0.425818	-4.981706	0.000000	0.000000	0.000000	0.752306	0.000000	0.000000	0.323697	0.222702	-0.016610	9.806650	0.000000	0.000000	0.000000
-0.420587	-4.982084	0.000000	0.000000	0.000000	0.752728	0.000000	0.000000	0.318782	0.261557	-0.018874	9.806650	0.000000	0.000000	0.000000
-0.414579	-4.982503	0.000000	0.000000	0.000000	0.753211	0.000000	0.000000	0.313867	0.300423	-0.020950	9.806650	0.000000	0.000000	0.000000
-0.407793	-4.982959	0.000000	0.000000	0.000000	0.753755	0.000000	0.000000	0.308952	0.339298	-0.022838	9.806650	0.000000	0.000000	0.000000
-0.400229	-4.983450	0.000000	0.000000	0.000000	0.754360	0.000000	0.000000	0.304037	0.378182	-0.024539	9.806650	0.000000	0.000000	0.000000
-0.391887	-4.983971	0.000000	0.000000	0.000000	0.755024	0.000000	0.000000	0.299122	0.417074	-0.026052	9.806650	0.000000	0.000000	0.000000
-0.382768	-4.984519	0.000000	0.000000	0.000000	0.755748	0.000000	0.000000	0.294207	0.455972	-0.027377	9.806650	0.000000	0.000000	0.000000
-0.372871	-4.985089	0.000000	0.000000	0.000000	0.756532	0.000000	0.000000	0.289292	0.494876	-0.028514	9.806650	0.000000	0.000000	0.000000
-0.362195	-4.985678	0.000000	0.000000	0.000000	0.757374	0.000000	0.000000	0.284377	0.533786	-0.029464	9.806650	0.000000	0.000000	0.000000
-0.350741	-4.986283	0.000000	0.000000	0.000000	0.758276	0.000000	0.000000	0.279462	0.572700	-0.030226	9.806650	0.000000	0.000000	0.000000
-0.338508	-4.986899	0.000000	0.000000	0.000000	0.759235	0.000000	0.000000	0.274547	0.611616	-0.030800	9.806650	0.000000	0.000000	0.000000
-0.325498	-4.987523	0.000000	0.000000	0.000000	0.760253	0.000000	0.000000	0.269632	0.650536	-0.031186	9.806650	0.000000	0.000000	0.000000
-0.311709	-4.988150	0.000000	0.000000	0.000000	0.761328	0.000000	0.000000	0.264716	0.689456	-0.031385	9.806650	0.000000	0.000000	0.000000
-0.297141	-4.988778	0.000000	0.000000	0.000000	0.762410	0.000000	0.000000	0.259801	0.728377	-0.031396	9.806650	0.000000	0.000000	0.000000
-0.281795	-4.989403	0.000000	0.000000	0.000000	0.763434	0.000000	0.000000	0.254886	0.767298	-0.031218	9.806650	0.000000	0.000000	0.000000
-0.265671	-4.990020	0.000000	0.000000	0.000000	0.764400	0.000000	0.000000	0.249971	0.806217	-0.030853	9.806650	0.000000	0.000000	0.000000
-0.248768	-4.990626	0.000000	0.000000	0.000000	0.765308	0.000000	0.000000	0.245056	0.845134	-0.030300	9.806650	0.000000	0.000000	0.000000
-0.231087	-4.991217	0.000000	0.000000	0.000000	0.766157	0.000000	0.000000	0.240141	0.884048	-0.029560	9.806650	0.000000	0.000000	0.000000
-0.212628	-4.991790	0.000000	0.000000	0.000000	0.766947	0.000000	0.000000	0.235226	0.922958	-0.028631	9.806650	0.000000	0.000000	0.000000
-0.193391	-4.992340	0.000000	0.000000	0.000000	0.767678	0.000000	0.000000	0.230311	0.961863	-0.027515	9.806650	0.000000	0.000000	0.000000
-0.173375	-4.992864	0.000000	0.000000	0.000000	0.768349	0.000000	0.000000	0.225396	1.000762	-0.026211	9.806650	0.000000	0.000000	0.000000
-0.152582	-4.993358	0.000000	0.000000	0.000000	0.768961	0.000000	0.000000	0.220481	1.039655	-0.024719	9.806650	0.000000	0.000000	0.000000
-0.131012	-4.993819	0.000000	0.000000	0.000000	0.769511	0.000000	0.000000	0.215566	1.078540	-0.023040	9.806650	0.000000	0.000000	0.000000
-0.108663	-4.994243	0.000000	0.000000	0.000000	0.770001	0.000000	0.000000	0.210651	1.117416	-0.021173	9.806650	0.000000	0.000000	0.000000
-0.085538	-4.994625	0.000000	0.000000	0.000000	0.770430	0.000000	0.000000	0.205736	1.156283	-0.019118	9.806650	0.000000	0.000000	0.000000
-0.061635	-4.994963	0.000000	0.000000	0.000000	0.770798	0.000000	0.000000	0.200821	1.195139	-0.016876	9.806650	0.000000	0.000000	0.000000
-0.037527	-4.995202	0.000000	0.000000	0.000000	0.771056	0.000000	0.000000	0.195906	1.205369	-0.011964	9.806650	0.000000	0.000000	0.000000
-0.013419	-4.995325	0.000000	0.000000	0.000000	0.771189	0.000000	0.000000	0.190991	1.205413	-0.006147	9.806650	0.000000	0.000000	0.000000
0.010689	-4.995331	0.000000	0.000000	0.000000	0.771196	0.000000	0.000000	0.186076	1.205429	-0.000329	9.806650	0.000000	0.000000	0.000000
0.034798	-4.995222	0.000000	0.000000	0.000000	0.771077	0.000000	0.000000	0.181161	1.205416	0.005488	9.806650	0.000000	0.000000	0.000000
0.058905	-4.994996	0.000000	0.000000	0.000000	0.770833	0.000000	0.000000	0.176246	1.205376	0.011306	9.806650	0.000000	0.000000	0.000000
0.083011	-4.994653	0.000000	0.000000	0.000000	0.770463	0.000000	0.000000	0.171331	1.205307	0.017123	9.806650	0.000000	0.000000	0.000000
0.107116	-4.994194	0.000000	0.000000	0.000000	0.769968	0.000000	0.000000	0.173744	1.205211	0.022940	9.806650	0.000000	0.000000	0.000000
0.131217	-4.993619	0.000000	0.000000	0.000000	0.769347	0.000000	0.000000	0.176157	1.205086	0.028756	9.806650	0.000000	0.000000	0.000000
0.155316	-4.992928	0.000000	0.000000	0.000000	0.768600	0.000000	0.000000	0.178570	1.204933	0.034572	9.806650	0.000000	0.000000	0.000000
0.179411	-4.992120	0.000000	0.000000	0.000000	0.767727	0.000000	0.000000	0.180983	1.204752	0.040387	9.806650	0.000000	0.000000	0.000000
0.203502	-4.991196	0.000000	0.000000	0.000000	0.766729	0.000000	0.000000	0.183396	1.204543	0.046201	9.806650	0.000000	0.000000	0.000000
0.227588	-4.990156	0.000000	0.000000	0.000000	0.765605	0.000000	0.000000	0.185809	1.204306	0.052013	9.806650	0.000000	0.000000	0.000000
0.251669	-4.988999	0.000000	0.000000	0.000000	0.764355	0.000000	0.000000	0.188222	1.204041	0.057825	9.806650	0.000000	0.000000	0.000000
0.275744	-4.987726	0.000000	0.000000	0.000000	0.762980	0.000000	0.000000	0.190636	1.203748	0.063635	9.806650	0.000000	0.000000	0.000000
0.299812	-4.986338	0.000000	0.000000	0.000000	0.761479	0.000000	0.000000	0.193049	1.203427	0.069444	9.806650	0.000000	0.000000	0.000000
0.323874	-4.984833	0.000000	0.000000	0.000000	0.759852	0.000000	0.000000	0.195462	1.203078	0.075251	9.806650	0.000000	0.000000	0.000000
0.347928	-4.983211	0.000000	0.000000	0.000000	0.758099	0.000000	0.000000	0.197875	1.202701	0.081057	9.806650	0.000000	0.000000	0.000000
0.371974	-4.981474	0.000000	0.000000	0.000000	0.756220	0.000000	0.000000	0.200288	1.202295	0.086860	9.806650	0.000000	0.000000	0.000000
0.396011	-4.979621	0.000000	0.000000	0.000000	0.754267	0.000000	0.000000	0.202701	1.201862	0.092662	9.806650	0.000000	0.000000	0.000000
0.420039	-4.977652	0.000000	0.000000	0.000000	0.752301	0.000000	0.000000	0.205114	1.201401	0.098461	9.806650	0.000000	0.000000	0.000000
0.444057	-4.975567	0.000000	0.000000	0.000000	0.750325	0.000000	0.000000	0.207527	1.200912	0.104258	9.806650	0.000000	0.000000	0.000000
0.468065	-4.973366	0.000000	0.000000	0.000000	0.748337	0.000000	0.000000	0.209940	1.200395	0.110053	9.806650	0.000000	0.000000	0.000000
0.492062	-4.971049	0.000000	0.000000	0.000000	0.746337	0.000000	0.000000	0.212353	1.199849	0.115845	9.806650	0.000000	0.000000	0.000000
0.516048	-4.968616	0.000000	0.000000	0.000000	0.744326	0.000000	0.000000	0.214767	1.199276	0.121634	9.806650	0.000000	0.000000	0.000000
0.540021	-4.966068	0.000000	0.000000	0.000000	0.742303	0.000000	0.000000	0.217180	1.198675	0.127421	9.806650	0.000000	0.000000	0.000000
0.563982	-4.963403	0.000000	0.000000	0.000000	0.740269	0.000000	0.000000	0.219593	1.198046	0.133204	9.806650	0.000000	0.000000	0.000000
0.587930	-4.960624	0.000000	0.000000	0.000000	0.738224	0.000000	0.000000	0.222006	1.197390	0.138985	9.806650	0.000000	0.000000	0.000000
0.611864	-4.957729	0.000000	0.000000	0.000000	0.736166	0.000000	0.000000	0.224419	1.196705	0.144762	9.806650	0.000000	0.000000	0.000000
0.635784	-4.954718	0.000000	0.000000	0.000000	0.734097	0.000000	0.000000	0.226832	1.195992	0.150536	9.806650	0.000000	0.000000	0.000000
0.659689	-4.951592	0.000000	0.000000	0.000000	0.732017	0.000000	0.000000	0.229245	1.195252	0.156306	9.806650	0.000000	0.000000	0.000000
0.683579	-4.948350	0.000000	0.000000	0.000000	0.729925	0.000000	0.000000	0.231658	1.194484	0.162073	9.806650	0.000000	0.000000	0.000000
0.707452	-4.944994	0.000000	0.000000	0.000000	0.727821	0.000000	0.000000	0.234071	1.193688	0.167836	9.806650	0.000000	0.000000	0.000000
0.731310	-4.941522	0.000000	0.000000	0.000000	0.725706	0.000000	0.000000	0.236485	1.192864	0.173595	9.806650	0.000000	0.000000	0.000000
0.755150	-4.937935	0.000000	0.000000	0.000000	0.723580	0.000000	0.000000	0.238898	1.192012	0.179350	9.806650	0.000000	0.000000	0.000000
0.778973	-4.934233	0.000000	0.000000	0.000000	0.721441	0.000000	0.000000	0.238898	1.191132	0.185100	9.806650	0.000000	0.000000	0.000000
0.802777	-4.930416	0.000000	0.000000	0.000000	0.719291	0.000000	0.000000	0.238898	1.190225	0.190847	9.806650	0.000000	0.000000	0.000000
0.826563	-4.926484	0.000000	0.000000	0.000000	0.717130	0.000000	0.000000	0.238898	1.189290	0.196589	9.806650	0.000000	0.000000	0.000000
0.850329	-4.922437	0.000000	0.000000	0.000000	0.714957	0.000000	0.000000	0.238898	1.188328	0.202326	9.806650	0.000000	0.000000	0.000000
0.874076	-4.918276	0.000000	0.000000	0.000000	0.712772	0.000000	0.000000	0.238898	1.187337	0.208059	9.806650	0.000000	0.000000	0.000000
0.897803	-4.914000	0.000000	0.000000	0.000000	0.710576	0.000000	0.000000	0.238898	1.186319	0.213787	9.806650	0.000000	0.000000	0.000000
0.921508	-4.909610	0.000000	0.000000	0.000000	0.708369	0.000000	0.000000	0.238898	1.185274	0.219510	9.806650	0.000000	0.000000	0.000000
0.945192	-4.905106	0.000000	0.000000	0.000000	0.706150	0.000000	0.000000	0.238898	1.184201	0.225228	9.806650	0.000000	0.000000	0.000000
0.968854	-4.900487	0.000000	0.000000	0.000000	0.703919	0.000000	0.000000	0.238898	1.183100	0.230940	9.806650	0.000000	0.000000	0.000000
0.992493	-4.895754	0.000000	0.000000	0.000000	0.701678	0.000000	0.000000	0.238898	1.181972	0.236648	9.806650	0.000000	0.000000	0.000000
1.016110	-4.890907	0.000000	0.000000	0.000000	0.699424	0.000000	0.000000	0.238898	1.180816	0.242349	9.806650	0.000000	0.000000	0.000000
1.039702	-4.885946	0.000000	0.000000	0.000000	0.697160	0.000000	0.000000	0.238898	1.179632	0.248045	9.806650	0.000000	0.000000	0.000000
1.063271	-4.880871	0.000000	0.000000	0.000000	0.694884	0.000000	0.000000	0.238898	1.178421	0.253736	9.806650	0.000000	0.000000	0.000000
1.086814	-4.875683	0.000000	0.000000	0.000000	0.692597	0.000000	0.000000	0.238898	1.177183	0.259420	9.806650	0.000000	0.000000	0.000000
1.110333	-4.870381	0.000000	0.000000	0.000000	0.690299	0.000000	0.000000	0.238898	1.175917	0.265098	9.806650	0.000000	0.000000	0.000000
1.133825	-4.864966	0.000000	0.000000	0.000000	0.687989	0.000000	0.000000	0.238898	1.174624	0.270770	9.806650	0.000000	0.000000	0.000000
1.157291	-4.859437	0.000000	0.000000	0.000000	0.685669	0.000000	0.000000	0.238898	1.173304	0.276436	9.806650	0.000000	0.000000	0.000000
1.180731	-4.853795	0.000000	0.000000	0.000000	0.683337	0.000000	0.000000	0.238898	1.171956	0.282095	9.806650	0.000000	0.000000	0.000000
1.204142	-4.848040	0.000000	0.000000	0.000000	0.680994	0.000000	0.000000	0.238898	1.170581	0.287748	9.806650	0.000000	0.000000	0.000000
1.227526	-4.842172	0.000000	0.000000	0.000000	0.678641	0.000000	0.000000	0.238898	1.169179	0.293394	9.806650	0.000000	0.000000	0.000000
1.250881	-4.836191	0.000000	0.000000	0.000000	0.676276	0.000000	0.000000	0.238898	1.167749	0.299034	9.806650	0.000000	0.000000	0.000000
1.274207	-4.830098	0.000000	0.000000	0.000000	0.673901	0.000000	0.000000	0.238898	1.166292	0.304666	9.806650	0.000000	0.000000	0.000000
1.297503	-4.823892	0.000000	0.000000	0.000000	0.671515	0.000000	0.000000	0.238898	1.164808	0.310291	9.806650	0.000000	0.000000	0.000000
1.320769	-4.817574	0.000000	0.000000	0.000000	0.669119	0.000000	0.000000	0.238898	1.163297	0.315909	9.806650	0.000000	0.000000	0.000000
1.344004	-4.811144	0.000000	0.000000	0.000000	0.666711	0.000000	0.000000	0.238898	1.161759	0.321520	9.806650	0.000000	0.000000	0.000000
1.367208	-4.804601	0.000000	0.000000	0.000000	0.664294	0.000000	0.000000	0.238898	1.160194	0.327123	9.806650	0.000000	0.000000	0.000000
1.390380	-4.797947	0.000000	0.000000	0.000000	0.661866	0.000000	0.000000	0.238898	1.158601	0.332718	9.806650	0.000000	0.000000	0.000000
1.413519	-4.791181	0.000000	0.000000	0.000000	0.659428	0.000000	0.000000	0.238898	1.156982	0.338306	9.806650	0.000000	0.000000	0.000000
1.436626	-4.784303	0.000000	0.000000	0.000000	0.656979	0.000000	0.000000	0.238898	1.155336	0.343886	9.806650	0.000000	0.000000	0.000000
1.459699	-4.777314	0.000000	0.000000	0.000000	0.654521	0.000000	0.000000	0.238898	1.153663	0.349458	9.806650	0.000000	0.000000	0.000000
1.482739	-4.770213	0.000000	0.000000	0.000000	0.652052	0.000000	0.000000	0.238898	1.151963	0.355022	9.806650	0.000000	0.000000	0.000000
1.505743	-4.763002	0.000000	0.000000	0.000000	0.649574	0.000000	0.000000	0.238898	1.150236	0.360577	9.806650	0.000000	0.000000	0.000000
1.528713	-4.755679	0.000000	0.000000	0.000000	0.647086	0.000000	0.000000	0.238898	1.148482	0.366124	9.806650	0.000000	0.000000	0.000000
1.551647	-4.748246	0.000000	0.000000	0.000000	0.644588	0.000000	0.000000	0.238898	1.146702	0.371663	9.806650	0.000000	0.000000	0.000000
1.574545	-4.740702	0.000000	0.000000	0.000000	0.642081	0.000000	0.000000	0.238898	1.144895	0.377193	9.806650	0.000000	0.000000	0.000000
1.597406	-4.733048	0.000000	0.000000	0.000000	0.639565	0.000000	0.000000	0.238898	1.143061	0.382714	9.806650	0.000000	0.000000	0.000000
1.620230	-4.725284	0.000000	0.000000	0.000000	0.637039	0.000000	0.000000	0.238898	1.141201	0.388226	9.806650	0.000000	0.000000	0.000000
1.643016	-4.717409	0.000000	0.000000	0.000000	0.634504	0.000000	0.000000	0.238898	1.139314	0.393729	9.806650	0.000000	0.000000	0.000000
1.665764	-4.709424	0.000000	0.000000	0.000000	0.631961	0.000000	0.000000	0.238898	1.137400	0.399223	9.806650	0.000000	0.000000	0.000000
1.688474	-4.701330	0.000000	0.000000	0.000000	0.629408	0.000000	0.000000	0.238898	1.135460	0.404708	9.806650	0.000000	0.000000	0.000000
1.711144	-4.693127	0.000000	0.000000	0.000000	0.626847	0.000000	0.000000	0.238898	1.133494	0.410183	9.806650	0.000000	0.000000	0.000000
1.733774	-4.684814	0.000000	0.000000	0.000000	0.624277	0.000000	0.000000	0.238898	1.131501	0.415649	9.806650	0.000000	0.000000	0.000000
1.756363	-4.676392	0.000000	0.000000	0.000000	0.621700	0.000000	0.000000	0.238898	1.129482	0.421105	9.806650	0.000000	0.000000	0.000000
1.778912	-4.667861	0.000000	0.000000	0.000000	0.619114	0.000000	0.000000	0.238898	1.127437	0.426551	9.806650	0.000000	0.000000	0.000000
1.801419	-4.659221	0.000000	0.000000	0.000000	0.616520	0.000000	0.000000	0.238898	1.125365	0.431987	9.806650	0.000000	0.000000	0.000000
1.823885	-4.650473	0.000000	0.000000	0.000000	0.613918	0.000000	0.000000	0.238898	1.123267	0.437413	9.806650	0.000000	0.000000	0.000000
1.846307	-4.641616	0.000000	0.000000	0.000000	0.611309	0.000000	0.000000	0.238898	1.121143	0.442829	9.806650	0.000000	0.000000	0.000000
1.868687	-4.632651	0.000000	0.000000	0.000000	0.608692	0.000000	0.000000	0.238898	1.118992	0.448235	9.806650	0.000000	0.000000	0.000000
1.891024	-4.623579	0.000000	0.000000	0.000000	0.606068	0.000000	0.000000	0.238898	1.116816	0.453630	9.806650	0.000000	0.000000	0.000000
1.913316	-4.614398	0.000000	0.000000	0.000000	0.603437	0.000000	0.000000	0.238898	1.114614	0.459015	9.806650	0.000000	0.000000	0.000000
1.935564	-4.605111	0.000000	0.000000	0.000000	0.600800	0.000000	0.000000	0.238898	1.112386	0.464389	9.806650	0.000000	0.000000	0.000000
1.957766	-4.595716	0.000000	0.000000	0.000000	0.598156	0.000000	0.000000	0.238898	1.110131	0.469752	9.806650	0.000000	0.000000	0.000000
1.979923	-4.586213	0.000000	0.000000	0.000000	0.595505	0.000000	0.000000	0.238898	1.107851	0.475104	9.806650	0.000000	0.000000	0.000000
2.002034	-4.576605	0.000000	0.000000	0.000000	0.592849	0.000000	0.000000	0.238898	1.105545	0.480446	9.806650	0.000000	0.000000	0.000000
2.024098	-4.566889	0.000000	0.000000	0.000000	0.590186	0.000000	0.000000	0.238898	1.103214	0.485776	9.806650	0.000000	0.000000	0.000000
2.046116	-4.557067	0.000000	0.000000	0.000000	0.587518	0.000000	0.000000	0.238898	1.100857	0.491094	9.806650	0.000000	0.000000	0.000000
2.068085	-4.547139	0.000000	0.000000	0.000000	0.584845	0.000000	0.000000	0.238898	1.098474	0.496401	9.806650	0.000000	0.000000	0.000000
2.090006	-4.537105	0.000000	0.000000	0.000000	0.582166	0.000000	0.000000	0.241311	1.096065	0.501697	9.806650	0.000000	0.000000	0.000000
2.111879	-4.526966	0.000000	0.000000	0.000000	0.579482	0.000000	0.000000	0.241311	1.093631	0.506981	9.806650	0.000000	0.000000	0.000000
2.133702	-4.516721	0.000000	0.000000	0.000000	0.576794	0.000000	0.000000	0.241311	1.091172	0.512253	9.806650	0.000000	0.000000	0.000000
2.155476	-4.506370	0.000000	0.000000	0.000000	0.574102	0.000000	0.000000	0.241311	1.088687	0.517513	9.806650	0.000000	0.000000	0.000000
2.177200	-4.495915	0.000000	0.000000	0.000000	0.571405	0.000000	0.000000	0.241311	1.086176	0.522762	9.806650	0.000000	0.000000	0.000000
2.198872	-4.485355	0.000000	0.000000	0.000000	0.568704	0.000000	0.000000	0.241311	1.083641	0.527998	9.806650	0.000000	0.000000	0.000000
2.220494	-4.474691	0.000000	0.000000	0.000000	0.566000	0.000000	0.000000	0.241311	1.081080	0.533221	9.806650	0.000000	0.000000	0.000000
2.242064	-4.463922	0.000000	0.000000	0.000000	0.563292	0.000000	0.000000	0.241311	1.078494	0.538433	9.806650	0.000000	0.000000	0.000000
2.263582	-4.453049	0.000000	0.000000	0.000000	0.560582	0.000000	0.000000	0.241311	1.075883	0.543631	9.806650	0.000000	0.000000	0.000000
2.285046	-4.442073	0.000000	0.000000	0.000000	0.557869	0.000000	0.000000	0.241311	1.073247	0.548818	9.806650	0.000000	0.000000	0.000000
2.306458	-4.430993	0.000000	0.000000	0.000000	0.555153	0.000000	0.000000	0.241311	1.070585	0.553991	9.806650	0.000000	0.000000	0.000000
2.327816	-4.419810	0.000000	0.000000	0.000000	0.552435	0.000000	0.000000	0.241311	1.067899	0.559151	9.806650	0.000000	0.000000	0.000000
2.349120	-4.408524	0.000000	0.000000	0.000000	0.549715	0.000000	0.000000	0.241311	1.065188	0.564299	9.806650	0.000000	0.000000	0.000000
2.370369	-4.397136	0.000000	0.000000	0.000000	0.546994	0.000000	0.000000	0.241311	1.062452	0.569433	9.806650	0.000000	0.000000	0.000000
2.391563	-4.385644	0.000000	0.000000	0.000000	0.544272	0.000000	0.000000	0.241311	1.059692	0.574554	9.806650	0.000000	0.000000	0.000000
2.412701	-4.374051	0.000000	0.000000	0.000000	0.541549	0.000000	0.000000	0.241311	1.056907	0.579661	9.806650	0.000000	0.000000	0.000000
2.433783	-4.362356	0.000000	0.000000	0.000000	0.538825	0.000000	0.000000	0.241311	1.054097	0.584756	9.806650	0.000000	0.000000	0.000000
2.454808	-4.350559	0.000000	0.000000	0.000000	0.536101	0.000000	0.000000	0.241311	1.051262	0.589836	9.806650	0.000000	0.000000	0.000000
2.475776	-4.338661	0.000000	0.000000	0.000000	0.533377	0.000000	0.000000	0.241311	1.048403	0.594903	9.806650	0.000000	0.000000	0.000000
2.496687	-4.326662	0.000000	0.000000	0.000000	0.530653	0.000000	0.000000	0.241311	1.045520	0.599956	9.806650	0.000000	0.000000	0.000000
2.517539	-4.314562	0.000000	0.000000	0.000000	0.527931	0.000000	0.000000	0.241311	1.042612	0.604994	9.806650	0.000000	0.000000	0.000000
2.538332	-4.302362	0.000000	0.000000	0.000000	0.525209	0.000000	0.000000	0.241311	1.039680	0.610019	9.806650	0.000000	0.000000	0.000000
2.559067	-4.290061	0.000000	0.000000	0.000000	0.522489	0.000000	0.000000	0.241311	1.036724	0.615030	9.806650	0.000000	0.000000	0.000000
2.579742	-4.277661	0.000000	0.000000	0.000000	0.519770	0.000000	0.000000	0.241311	1.033744	0.620026	9.806650	0.000000	0.000000	0.000000
2.600357	-4.265161	0.000000	0.000000	0.000000	0.517054	0.000000	0.000000	0.241311	1.030739	0.625008	9.806650	0.000000	0.000000	0.000000
2.620911	-4.252561	0.000000	0.000000	0.000000	0.514341	0.000000	0.000000	0.241311	1.027711	0.629975	9.806650	0.000000	0.000000	0.000000
2.641404	-4.239863	0.000000	0.000000	0.000000	0.511630	0.000000	0.000000	0.241311	1.024659	0.634928	9.806650	0.000000	0.000000	0.000000
2.661836	-4.227065	0.000000	0.000000	0.000000	0.508922	0.000000	0.000000	0.241311	1.021582	0.639866	9.806650	0.000000	0.000000	0.000000
2.682205	-4.214170	0.000000	0.000000	0.000000	0.506218	0.000000	0.000000	0.241311	1.018482	0.644789	9.806650	0.000000	0.000000	0.000000
2.702512	-4.201176	0.000000	0.000000	0.000000	0.503518	0.000000	0.000000	0.241311	1.015359	0.649696	9.806650	0.000000	0.000000	0.000000
2.722757	-4.188084	0.000000	0.000000	0.000000	0.500822	0.000000	0.000000	0.241311	1.012211	0.654589	9.806650	0.000000	0.000000	0.000000
2.742937	-4.174894	0.000000	0.000000	0.000000	0.498131	0.000000	0.000000	0.241311	1.009040	0.659467	9.806650	0.000000	0.000000	0.000000
2.763054	-4.161608	0.000000	0.000000	0.000000	0.495445	0.000000	0.000000	0.241311	1.005846	0.664329	9.806650	0.000000	0.000000	0.000000
2.783107	-4.148224	0.000000	0.000000	0.000000	0.492764	0.000000	0.000000	0.241311	1.002628	0.669176	9.806650	0.000000	0.000000	0.000000
2.803421	-4.135226	0.000000	0.000000	0.000000	0.490059	0.000000	0.000000	0.241311	1.015716	0.649920	9.806650	0.000000	0.000000	0.000000
2.823653	-4.122096	0.000000	0.000000	0.000000	0.487358	0.000000	0.000000	0.241311	1.011588	0.656492	9.806650	0.000000	0.000000	0.000000
2.843801	-4.108835	0.000000	0.000000	0.000000	0.484662	0.000000	0.000000	0.241311	1.007413	0.663035	9.806650	0.000000	0.000000	0.000000
2.863865	-4.095444	0.000000	0.000000	0.000000	0.481972	0.000000	0.000000	0.241311	1.003190	0.669548	9.806650	0.000000	0.000000	0.000000
2.883844	-4.081924	0.000000	0.000000	0.000000	0.479289	0.000000	0.000000	0.241311	0.998920	0.676030	9.806650	0.000000	0.000000	0.000000
2.903736	-4.068274	0.000000	0.000000	0.000000	0.476614	0.000000	0.000000	0.241311	0.994603	0.682482	9.806650	0.000000	0.000000	0.000000
2.923540	-4.054496	0.000000	0.000000	0.000000	0.473947	0.000000	0.000000	0.241311	0.990239	0.688902	9.806650	0.000000	0.000000	0.000000
2.943257	-4.040590	0.000000	0.000000	0.000000	0.471289	0.000000	0.000000	0.241311	0.985829	0.695290	9.806650	0.000000	0.000000	0.000000
2.962884	-4.026557	0.000000	0.000000	0.000000	0.468641	0.000000	0.000000	0.241311	0.981372	0.701647	9.806650	0.000000	0.000000	0.000000
2.982422	-4.012398	0.000000	0.000000	0.000000	0.466003	0.000000	0.000000	0.241311	0.976870	0.707972	9.806650	0.000000	0.000000	0.000000
3.001868	-3.998113	0.000000	0.000000	0.000000	0.463377	0.000000	0.000000	0.241311	0.972321	0.714264	9.806650	0.000000	0.000000	0.000000
3.021223	-3.983702	0.000000	0.000000	0.000000	0.460763	0.000000	0.000000	0.241311	0.967727	0.720522	9.806650	0.000000	0.000000	0.000000
3.040485	-3.969167	0.000000	0.000000	0.000000	0.458162	0.000000	0.000000	0.241311	0.963088	0.726748	9.806650	0.000000	0.000000	0.000000
3.059653	-3.954509	0.000000	0.000000	0.000000	0.455574	0.000000	0.000000	0.241311	0.958404	0.732940	9.806650	0.000000	0.000000	0.000000
3.040555	-3.969260	0.000000	0.000000	0.000000	0.458151	0.000000	0.000000	0.241311	0.957825	0.733719	9.806650	0.000000	0.000000	0.000000
3.059676	-3.954539	0.000000	0.000000	0.000000	0.455570	0.000000	0.000000	0.241311	0.954273	0.738333	9.806650	0.000000	0.000000	0.000000
3.078726	-3.939727	0.000000	0.000000	0.000000	0.453001	0.000000	0.000000	0.241311	0.950698	0.742930	9.806650	0.000000	0.000000	0.000000
3.097704	-3.924822	0.000000	0.000000	0.000000	0.450443	0.000000	0.000000	0.241311	0.947102	0.747509	9.806650	0.000000	0.000000	0.000000
3.116610	-3.909826	0.000000	0.000000	0.000000	0.447896	0.000000	0.000000	0.241311	0.943483	0.752072	9.806650	0.000000	0.000000	0.000000
